Cantidad de nodos:52

0	1	167.0
1	0	167.0
0	2	70.0
2	0	70.0
0	3	99.0
3	0	99.0
1	2	162.0
2	1	162.0
1	3	262.0
3	1	262.0
1	5	245.0
0	4	73.0
3	2	151.0
4	0	73.0
0	5	82.0
5	0	82.0
1	4	236.0
4	1	236.0
5	1	245.0
2	3	151.0
1	7	239.0
0	6	160.0
2	5	136.0
5	2	136.0
3	4	26.0
6	0	160.0
4	3	26.0
5	3	17.0
3	5	17.0
0	7	107.0
7	0	107.0
1	6	11.0
6	1	11.0
7	1	239.0
2	4	127.0
4	2	127.0
0	8	150.0
8	0	150.0
3	6	257.0
0	9	140.0
9	0	140.0
1	8	284.0
4	5	9.0
8	1	284.0
1	9	283.0
5	4	9.0
7	2	77.0
3	7	131.0
7	3	131.0
6	2	153.0
2	7	77.0
9	1	283.0
6	3	257.0
2	6	153.0
10	0	260.0
0	10	260.0
6	5	239.0
2	9	122.0
9	3	133.0
3	8	153.0
0	11	164.0
11	0	164.0
9	2	122.0
4	7	118.0
3	9	133.0
1	10	410.0
5	6	239.0
8	2	121.0
10	1	410.0
1	11	315.0
11	1	315.0
4	6	231.0
7	4	118.0
7	5	123.0
2	8	121.0
8	3	153.0
6	4	231.0
5	7	123.0
0	12	244.0
12	0	244.0
2	11	223.0
3	10	166.0
6	7	230.0
0	13	280.0
13	0	280.0
9	5	131.0
1	12	360.0
12	1	360.0
5	8	149.0
11	2	223.0
8	5	149.0
4	8	146.0
9	4	128.0
5	9	131.0
8	4	146.0
3	11	74.0
1	13	379.0
11	3	74.0
13	1	379.0
7	6	230.0
2	10	317.0
4	9	128.0
10	3	166.0
10	2	317.0
0	14	75.0
14	0	75.0
0	15	65.0
15	0	65.0
6	8	274.0
12	3	178.0
13	3	224.0
5	10	182.0
8	7	46.0
11	5	87.0
6	9	274.0
9	6	274.0
10	4	190.0
1	14	239.0
14	1	239.0
1	15	181.0
10	5	182.0
15	1	181.0
11	4	96.0
13	2	350.0
3	13	224.0
4	10	190.0
9	7	45.0
2	12	312.0
5	11	87.0
7	9	45.0
3	12	178.0
4	11	96.0
12	2	312.0
2	13	350.0
7	8	46.0
8	6	274.0
0	16	107.0
16	0	107.0
0	17	40.0
9	8	21.0
14	3	25.0
6	11	311.0
17	0	40.0
8	9	21.0
15	2	134.0
7	10	286.0
11	7	203.0
1	16	124.0
4	13	236.0
11	6	311.0
5	12	186.0
2	15	134.0
13	5	231.0
7	11	203.0
3	14	25.0
16	1	124.0
10	6	407.0
6	10	407.0
12	4	192.0
13	4	236.0
12	5	186.0
14	2	126.0
10	7	286.0
4	12	192.0
5	13	231.0
15	3	96.0
1	17	149.0
17	1	149.0
3	15	96.0
2	14	126.0
2	16	54.0
0	18	76.0
18	0	76.0
10	9	271.0
4	14	6.0
0	19	53.0
19	0	53.0
1	18	211.0
11	9	198.0
13	6	380.0
4	15	77.0
8	10	291.0
11	8	218.0
15	5	82.0
3	16	200.0
9	10	271.0
3	17	133.0
18	1	211.0
7	13	354.0
14	5	10.0
10	8	291.0
17	3	133.0
6	12	360.0
14	4	6.0
1	19	141.0
19	1	141.0
16	3	200.0
12	6	360.0
5	15	82.0
5	14	10.0
2	17	34.0
8	11	218.0
17	2	34.0
6	13	380.0
7	12	309.0
12	7	309.0
13	7	354.0
9	11	198.0
15	4	77.0
16	2	54.0
20	0	72.0
0	20	72.0
0	21	12.0
21	0	12.0
1	20	98.0
18	2	52.0
18	3	119.0
3	18	119.0
6	15	178.0
15	7	165.0
12	8	329.0
9	13	357.0
12	9	309.0
16	5	184.0
20	1	98.0
19	2	110.0
7	15	165.0
19	3	125.0
6	14	234.0
7	14	113.0
8	12	329.0
1	21	159.0
14	7	113.0
3	19	125.0
14	6	234.0
13	9	357.0
17	5	116.0
16	4	175.0
21	1	159.0
8	13	377.0
13	8	377.0
2	19	110.0
2	18	52.0
5	17	116.0
9	12	309.0
4	16	175.0
4	17	108.0
17	4	108.0
5	16	184.0
15	6	178.0
11	10	97.0
10	11	97.0
22	0	45.0
0	22	45.0
4	19	102.0
6	17	141.0
9	14	123.0
11	13	163.0
12	11	113.0
14	9	123.0
2	21	60.0
18	4	100.0
15	8	204.0
8	15	204.0
5	18	107.0
13	11	163.0
17	6	141.0
4	18	100.0
16	6	113.0
9	15	191.0
21	3	109.0
0	23	69.0
14	8	140.0
10	13	155.0
7	16	127.0
10	12	111.0
13	10	155.0
17	7	95.0
23	0	69.0
3	20	170.0
1	22	127.0
22	1	127.0
21	2	60.0
6	16	113.0
5	19	109.0
1	23	230.0
20	2	72.0
8	14	140.0
19	5	109.0
23	1	230.0
2	20	72.0
16	7	127.0
11	12	113.0
15	9	191.0
7	17	95.0
20	3	170.0
3	21	109.0
12	10	111.0
19	4	102.0
18	5	107.0
1	24	257.0
0	24	103.0
24	0	103.0
4	21	83.0
0	25	182.0
25	0	182.0
5	20	153.0
22	3	134.0
21	5	92.0
5	21	92.0
18	7	31.0
11	14	97.0
24	1	257.0
17	9	137.0
20	5	153.0
20	4	144.0
21	4	83.0
23	2	126.0
10	15	229.0
7	19	159.0
9	16	172.0
18	6	202.0
7	18	31.0
4	20	144.0
1	25	298.0
22	2	90.0
14	10	191.0
16	9	172.0
15	11	134.0
3	23	31.0
6	18	202.0
17	8	141.0
23	3	31.0
25	1	298.0
13	12	51.0
3	22	134.0
12	13	51.0
9	17	137.0
14	11	97.0
11	15	134.0
19	6	138.0
8	16	168.0
10	14	191.0
6	19	138.0
2	22	90.0
19	7	159.0
16	8	168.0
8	17	141.0
15	10	229.0
2	23	126.0
1	27	311.0
0	27	177.0
0	26	200.0
26	0	200.0
19	8	203.0
27	0	177.0
24	3	27.0
23	4	8.0
12	14	196.0
17	10	298.0
4	23	8.0
18	8	77.0
10	16	365.0
14	13	240.0
23	5	14.0
8	19	203.0
25	2	251.0
13	15	221.0
6	20	90.0
16	11	270.0
20	6	90.0
1	26	325.0
26	1	325.0
7	20	145.0
9	19	193.0
19	9	193.0
18	9	73.0
21	6	152.0
20	7	145.0
12	15	190.0
24	2	163.0
2	25	251.0
6	21	152.0
14	12	196.0
3	25	129.0
5	23	14.0
11	16	270.0
22	4	109.0
27	1	311.0
16	10	365.0
11	17	202.0
5	22	117.0
17	11	202.0
3	24	27.0
7	21	104.0
13	14	240.0
22	5	117.0
21	7	104.0
15	13	221.0
9	18	73.0
4	22	109.0
2	24	163.0
8	18	77.0
15	12	190.0
25	3	129.0
10	17	298.0
0	29	90.0
0	28	102.0
28	0	102.0
19	11	174.0
7	23	122.0
6	23	225.0
23	6	225.0
25	4	138.0
22	6	123.0
12	17	284.0
29	0	90.0
27	3	104.0
17	12	284.0
23	7	122.0
11	18	192.0
3	27	104.0
25	5	133.0
6	22	123.0
22	7	147.0
4	25	138.0
7	22	147.0
1	28	159.0
28	1	159.0
9	20	188.0
26	2	267.0
4	24	38.0
8	20	191.0
20	9	188.0
21	9	140.0
13	17	320.0
19	10	269.0
1	29	98.0
8	21	148.0
29	1	98.0
9	21	140.0
12	16	350.0
10	19	269.0
14	15	83.0
13	16	384.0
21	8	148.0
3	26	132.0
5	25	133.0
15	14	83.0
10	18	281.0
11	19	174.0
16	12	350.0
18	11	192.0
2	27	243.0
24	4	38.0
24	5	31.0
18	10	281.0
16	13	384.0
20	8	191.0
17	13	320.0
5	24	31.0
26	3	132.0
27	2	243.0
2	26	267.0
0	30	37.0
30	0	37.0
0	31	23.0
21	10	271.0
15	17	102.0
18	13	335.0
2	29	126.0
22	8	192.0
31	0	23.0
23	8	152.0
29	3	172.0
8	23	152.0
17	14	108.0
10	21	271.0
15	16	163.0
1	30	135.0
9	22	184.0
16	15	163.0
13	19	259.0
23	9	134.0
30	1	135.0
3	28	145.0
26	4	146.0
16	14	175.0
22	9	184.0
6	25	298.0
20	11	232.0
21	11	175.0
8	22	192.0
4	27	120.0
9	23	134.0
17	15	102.0
12	18	292.0
25	6	298.0
11	21	175.0
14	16	175.0
20	10	329.0
11	20	232.0
14	17	108.0
5	27	113.0
1	31	182.0
31	1	182.0
28	2	163.0
12	19	230.0
24	6	253.0
7	24	154.0
19	13	259.0
29	2	126.0
3	29	172.0
7	25	256.0
25	7	256.0
19	12	230.0
10	20	329.0
28	3	145.0
2	28	163.0
4	26	146.0
13	18	335.0
27	5	113.0
24	7	154.0
6	24	253.0
27	4	120.0
18	12	292.0
26	5	140.0
5	26	140.0
28	4	127.0
33	0	34.0
0	32	207.0
24	9	160.0
28	5	132.0
6	26	324.0
23	11	97.0
6	27	309.0
8	25	282.0
32	0	207.0
13	20	328.0
11	22	190.0
15	18	137.0
20	13	328.0
14	19	106.0
18	15	137.0
4	29	149.0
27	7	235.0
0	33	34.0
1	32	372.0
32	1	372.0
18	14	97.0
1	33	196.0
31	2	61.0
10	22	286.0
12	21	255.0
22	11	190.0
3	30	135.0
27	6	309.0
2	31	61.0
11	23	97.0
17	16	68.0
19	14	106.0
21	13	291.0
7	27	235.0
16	17	68.0
9	24	160.0
3	31	93.0
5	29	156.0
20	12	299.0
24	8	179.0
10	23	193.0
14	18	97.0
25	9	262.0
22	10	286.0
9	25	262.0
33	1	196.0
7	26	262.0
13	21	291.0
5	28	132.0
26	7	262.0
21	12	255.0
4	28	127.0
23	10	193.0
8	24	179.0
19	15	41.0
25	8	282.0
29	5	156.0
26	6	324.0
12	20	299.0
31	3	93.0
2	30	52.0
30	2	52.0
15	19	41.0
30	3	135.0
29	4	149.0
0	34	30.0
34	0	30.0
6	28	159.0
17	19	77.0
15	20	109.0
33	2	98.0
31	4	68.0
22	12	252.0
33	3	67.0
32	2	226.0
24	11	61.0
24	10	158.0
30	4	109.0
30	5	118.0
2	33	98.0
0	35	31.0
3	33	67.0
21	15	74.0
18	16	105.0
11	25	84.0
9	26	264.0
27	9	236.0
20	15	109.0
10	25	135.0
29	6	96.0
7	28	208.0
7	29	190.0
21	14	85.0
17	18	65.0
25	11	84.0
4	30	109.0
6	29	96.0
9	27	236.0
13	22	282.0
14	21	85.0
14	20	146.0
23	12	190.0
16	18	105.0
13	23	233.0
26	9	264.0
31	5	76.0
5	30	118.0
3	32	129.0
12	22	252.0
15	21	74.0
35	0	31.0
4	31	68.0
16	19	128.0
10	24	158.0
18	17	65.0
28	6	159.0
29	7	190.0
32	3	129.0
22	13	282.0
20	14	146.0
5	31	76.0
23	13	233.0
8	27	256.0
27	8	256.0
19	16	128.0
25	10	135.0
8	26	284.0
1	34	194.0
34	1	194.0
1	35	196.0
12	23	190.0
11	24	61.0
35	1	196.0
2	32	226.0
19	17	77.0
28	7	208.0
26	8	284.0
34	2	93.0
1	37	224.0
0	37	60.0
0	36	52.0
4	32	147.0
28	9	238.0
17	21	29.0
10	26	104.0
14	23	14.0
23	14	14.0
32	4	147.0
20	16	63.0
34	3	69.0
9	29	228.0
24	13	200.0
36	0	52.0
28	8	250.0
3	35	68.0
13	25	99.0
37	0	60.0
1	36	214.0
36	1	214.0
4	33	41.0
26	10	104.0
27	10	104.0
26	11	71.0
12	24	155.0
30	6	128.0
25	12	64.0
13	24	200.0
29	9	228.0
3	34	69.0
7	31	85.0
15	22	62.0
16	21	96.0
30	7	114.0
23	15	69.0
10	27	104.0
21	16	96.0
2	35	92.0
11	26	71.0
22	14	113.0
35	3	68.0
31	6	175.0
32	5	142.0
33	5	49.0
8	28	250.0
11	27	46.0
6	31	175.0
5	32	142.0
37	1	224.0
29	8	235.0
19	18	128.0
7	30	114.0
20	17	51.0
9	28	238.0
12	25	64.0
14	22	113.0
21	17	29.0
2	34	93.0
33	4	41.0
25	13	99.0
15	23	69.0
24	12	155.0
22	15	62.0
31	7	85.0
16	20	63.0
27	11	46.0
35	2	92.0
5	33	49.0
6	30	128.0
18	19	128.0
8	29	235.0
17	20	51.0
1	38	207.0
0	39	52.0
0	38	42.0
17	23	105.0
5	34	51.0
31	9	118.0
28	10	261.0
14	25	143.0
20	18	115.0
14	24	41.0
24	14	41.0
30	9	155.0
16	23	173.0
23	16	173.0
9	31	118.0
8	31	128.0
37	2	116.0
36	3	48.0
12	27	73.0
11	29	219.0
38	0	42.0
4	35	42.0
39	0	52.0
3	36	48.0
31	8	128.0
30	8	160.0
20	19	70.0
27	12	73.0
34	5	51.0
7	32	161.0
7	33	114.0
13	27	121.0
16	22	105.0
32	7	161.0
13	26	94.0
10	28	261.0
24	15	82.0
2	37	116.0
29	10	313.0
28	11	172.0
11	28	172.0
10	29	313.0
33	7	114.0
27	13	121.0
21	18	73.0
26	13	94.0
8	30	160.0
38	1	207.0
1	39	217.0
6	33	190.0
25	14	143.0
22	17	57.0
35	4	42.0
19	21	56.0
26	12	46.0
36	2	112.0
39	1	217.0
37	3	39.0
15	24	82.0
17	22	57.0
18	21	73.0
19	20	70.0
15	25	126.0
32	6	365.0
18	20	115.0
9	30	155.0
2	36	112.0
4	34	43.0
29	11	219.0
22	16	105.0
6	32	365.0
12	26	46.0
21	19	56.0
3	37	39.0
25	15	126.0
35	5	50.0
33	6	190.0
23	17	105.0
34	4	43.0
5	35	50.0
40	0	99.0
0	40	99.0
4	36	22.0
5	36	30.0
34	6	189.0
30	11	200.0
19	22	24.0
10	30	297.0
36	4	22.0
27	14	123.0
11	31	163.0
29	12	264.0
8	33	152.0
9	33	138.0
12	29	264.0
36	5	30.0
9	32	125.0
25	17	222.0
8	32	143.0
16	25	287.0
25	16	287.0
11	30	200.0
34	7	109.0
2	39	107.0
6	35	190.0
19	23	95.0
0	41	141.0
41	0	141.0
30	10	297.0
17	24	141.0
21	20	63.0
33	9	138.0
27	15	131.0
1	40	224.0
7	34	109.0
40	1	224.0
28	13	222.0
32	8	143.0
4	37	13.0
5	37	22.0
31	10	258.0
14	26	150.0
24	17	141.0
10	31	258.0
37	5	22.0
32	9	125.0
16	24	209.0
38	2	98.0
1	41	26.0
41	1	26.0
24	16	209.0
18	22	115.0
35	6	190.0
7	35	105.0
13	29	287.0
17	25	222.0
15	26	149.0
13	28	222.0
15	27	131.0
26	15	149.0
20	21	63.0
3	39	47.0
39	3	47.0
26	14	150.0
22	18	115.0
18	23	103.0
23	18	103.0
22	19	24.0
37	4	13.0
28	12	201.0
39	2	107.0
3	38	58.0
29	13	287.0
23	19	95.0
38	3	58.0
12	28	201.0
14	27	123.0
6	34	189.0
2	38	98.0
31	11	163.0
33	8	152.0
35	7	105.0
0	43	39.0
42	1	281.0
0	42	116.0
8	34	147.0
23	20	140.0
42	0	116.0
43	0	39.0
7	36	115.0
9	35	130.0
15	29	84.0
25	18	236.0
16	26	307.0
36	7	115.0
12	31	251.0
26	17	240.0
25	19	166.0
6	37	219.0
16	27	284.0
29	15	84.0
11	33	130.0
30	12	276.0
32	10	177.0
33	10	226.0
28	14	133.0
1	42	281.0
10	33	226.0
22	20	47.0
37	6	219.0
37	7	112.0
1	43	186.0
8	35	144.0
39	4	21.0
33	11	130.0
14	28	133.0
20	22	47.0
30	13	310.0
32	11	146.0
41	3	238.0
4	38	32.0
31	12	251.0
13	30	310.0
39	5	30.0
18	25	236.0
13	31	290.0
29	14	153.0
21	22	44.0
24	19	117.0
43	1	186.0
2	41	138.0
3	40	136.0
3	41	238.0
38	5	40.0
19	24	117.0
12	30	276.0
20	23	140.0
17	26	240.0
34	9	134.0
11	32	146.0
23	21	79.0
22	21	44.0
36	6	209.0
40	3	136.0
5	38	40.0
14	29	153.0
27	17	217.0
34	8	147.0
19	25	166.0
27	16	284.0
4	39	21.0
21	23	79.0
26	16	307.0
6	36	209.0
15	28	50.0
10	32	177.0
41	2	138.0
9	34	134.0
35	8	144.0
2	40	62.0
40	2	62.0
24	18	138.0
28	15	50.0
7	37	112.0
31	13	290.0
18	24	138.0
17	27	217.0
35	9	130.0
38	4	32.0
5	39	30.0
2	42	139.0
0	45	70.0
0	44	60.0
3	42	61.0
17	28	129.0
22	23	103.0
43	3	77.0
34	10	230.0
21	24	114.0
40	4	120.0
2	43	109.0
28	17	129.0
44	0	60.0
45	0	70.0
24	20	171.0
20	25	235.0
32	13	304.0
5	40	126.0
36	8	149.0
14	31	68.0
31	14	68.0
9	37	127.0
35	11	134.0
29	16	123.0
23	22	103.0
1	44	206.0
4	41	212.0
41	5	220.0
7	39	105.0
9	36	133.0
6	39	212.0
19	27	173.0
10	34	230.0
15	30	89.0
24	21	114.0
41	4	212.0
7	38	103.0
30	14	111.0
4	40	120.0
6	38	201.0
26	19	190.0
18	27	220.0
36	9	133.0
37	9	127.0
16	29	123.0
25	21	193.0
13	32	304.0
5	41	220.0
20	24	171.0
8	37	143.0
42	2	139.0
43	2	109.0
28	16	177.0
17	29	96.0
3	43	77.0
39	6	212.0
44	1	206.0
13	33	252.0
11	35	134.0
27	19	173.0
15	31	83.0
38	6	201.0
12	32	253.0
19	26	190.0
12	33	214.0
14	30	111.0
33	13	252.0
35	10	230.0
30	15	89.0
8	36	149.0
1	45	215.0
40	5	126.0
32	12	253.0
31	15	83.0
11	34	134.0
27	18	220.0
16	28	177.0
26	18	246.0
39	7	105.0
10	35	230.0
29	17	96.0
18	26	246.0
34	11	134.0
25	20	235.0
45	1	215.0
38	7	103.0
33	12	214.0
21	25	193.0
37	8	143.0
42	3	61.0
46	0	198.0
0	46	198.0
0	47	67.0
8	39	139.0
6	40	214.0
40	6	214.0
7	40	16.0
47	0	67.0
1	46	288.0
42	4	67.0
8	38	139.0
21	26	211.0
41	6	19.0
9	38	125.0
10	36	209.0
16	30	74.0
26	21	211.0
39	8	139.0
18	29	158.0
35	12	220.0
28	18	178.0
20	26	258.0
31	17	41.0
17	31	41.0
4	43	53.0
5	43	60.0
45	3	58.0
19	28	53.0
31	16	108.0
17	30	20.0
9	39	123.0
14	33	44.0
43	4	53.0
42	5	65.0
11	36	113.0
37	10	203.0
11	37	107.0
46	1	288.0
3	44	103.0
10	37	203.0
15	32	224.0
4	42	67.0
22	24	130.0
45	2	138.0
38	8	139.0
38	9	125.0
37	11	107.0
33	15	53.0
36	11	113.0
13	35	260.0
23	25	134.0
19	29	47.0
20	27	238.0
27	20	238.0
15	33	53.0
12	34	219.0
12	35	220.0
5	42	65.0
14	32	142.0
41	7	214.0
1	47	228.0
23	24	37.0
25	22	189.0
24	23	37.0
30	16	74.0
26	20	258.0
29	18	158.0
43	5	60.0
34	13	258.0
13	34	258.0
34	12	219.0
44	3	103.0
3	45	58.0
36	10	209.0
47	1	228.0
2	45	138.0
30	17	20.0
44	2	55.0
35	13	260.0
27	21	188.0
7	41	214.0
33	14	44.0
21	27	188.0
24	22	130.0
28	19	53.0
32	14	142.0
6	41	19.0
18	28	178.0
16	31	108.0
29	19	47.0
39	9	123.0
22	25	189.0
25	23	134.0
32	15	224.0
40	7	16.0
2	44	55.0
0	48	16.0
1	48	182.0
48	0	16.0
6	43	182.0
25	24	103.0
4	44	83.0
18	30	83.0
22	27	193.0
13	37	244.0
9	41	258.0
39	11	116.0
32	16	280.0
37	12	201.0
34	14	45.0
0	49	54.0
47	3	34.0
38	10	221.0
13	36	243.0
19	30	59.0
28	20	115.0
36	13	243.0
8	40	60.0
21	29	88.0
40	8	60.0
3	46	165.0
6	42	274.0
33	16	140.0
41	9	258.0
39	10	211.0
31	18	55.0
42	7	90.0
7	43	132.0
5	45	46.0
19	31	75.0
49	0	54.0
7	42	90.0
8	41	259.0
32	17	226.0
44	4	83.0
44	5	90.0
15	35	61.0
27	22	193.0
30	19	59.0
12	36	202.0
23	27	118.0
14	34	45.0
43	6	182.0
43	7	132.0
29	20	60.0
22	26	211.0
27	23	118.0
18	31	55.0
48	1	182.0
3	47	34.0
14	35	44.0
17	32	226.0
26	22	211.0
26	23	144.0
46	3	165.0
45	5	46.0
38	11	126.0
46	2	268.0
1	49	149.0
2	47	126.0
20	29	60.0
24	25	103.0
33	17	73.0
9	40	61.0
10	39	211.0
45	4	43.0
40	9	61.0
12	37	201.0
20	28	115.0
23	26	144.0
41	8	259.0
15	34	57.0
35	15	61.0
10	38	221.0
37	13	244.0
35	14	44.0
30	18	83.0
42	6	274.0
49	1	149.0
2	46	268.0
11	39	116.0
17	33	73.0
28	21	107.0
5	44	90.0
21	28	107.0
47	2	126.0
36	12	202.0
16	32	280.0
34	15	57.0
16	33	140.0
31	19	75.0
29	21	88.0
11	38	126.0
4	45	43.0
46	4	168.0
0	50	197.0
50	0	197.0
0	51	305.0
51	0	305.0
40	11	209.0
45	7	150.0
13	39	251.0
24	26	109.0
38	12	216.0
26	25	32.0
21	30	26.0
41	10	388.0
1	50	355.0
30	21	26.0
33	18	88.0
45	6	211.0
43	9	158.0
49	3	119.0
4	46	168.0
50	1	355.0
41	11	292.0
34	16	136.0
22	29	45.0
22	28	74.0
12	38	216.0
5	47	18.0
43	8	171.0
12	39	209.0
31	20	85.0
1	51	429.0
27	25	40.0
37	14	15.0
21	31	24.0
47	5	18.0
6	44	197.0
36	14	26.0
19	32	248.0
20	31	85.0
35	17	68.0
30	20	38.0
39	12	209.0
27	24	82.0
2	49	116.0
48	3	86.0
20	30	38.0
7	45	150.0
31	21	24.0
51	1	429.0
49	2	116.0
9	43	158.0
2	48	72.0
3	49	119.0
42	8	97.0
17	34	68.0
23	28	120.0
29	22	45.0
11	41	292.0
36	15	61.0
25	27	40.0
5	46	165.0
29	23	142.0
38	13	257.0
19	33	64.0
47	4	12.0
44	6	197.0
13	38	257.0
15	37	71.0
32	18	175.0
46	5	165.0
11	40	209.0
15	36	61.0
10	40	295.0
32	19	248.0
33	19	64.0
18	32	175.0
6	45	211.0
42	9	77.0
9	42	77.0
8	43	171.0
3	48	86.0
7	44	47.0
35	16	136.0
8	42	97.0
40	10	295.0
28	22	74.0
10	41	388.0
39	13	251.0
4	47	12.0
14	37	15.0
16	34	136.0
23	29	142.0
16	35	136.0
25	26	32.0
34	17	68.0
44	7	47.0
17	35	68.0
28	23	120.0
26	24	109.0
37	15	71.0
18	33	88.0
24	27	82.0
14	36	26.0
48	2	72.0
49	4	97.0
2	51	371.0
2	50	249.0
19	35	69.0
38	15	66.0
32	21	213.0
31	22	67.0
36	17	89.0
47	7	124.0
33	21	45.0
24	28	127.0
10	42	197.0
6	47	223.0
7	46	284.0
14	39	23.0
39	14	23.0
45	9	167.0
10	43	228.0
32	20	274.0
50	2	249.0
23	31	66.0
25	28	140.0
22	31	67.0
9	45	167.0
41	13	364.0
48	4	60.0
6	46	289.0
21	32	213.0
16	37	163.0
21	33	45.0
51	2	371.0
3	50	99.0
50	3	99.0
4	49	97.0
33	20	104.0
29	25	201.0
30	23	105.0
8	45	183.0
3	51	227.0
49	5	103.0
42	10	197.0
16	36	157.0
38	14	33.0
46	7	284.0
48	5	69.0
29	24	164.0
26	27	28.0
22	30	38.0
5	49	103.0
51	3	227.0
34	19	65.0
46	6	289.0
17	37	95.0
15	39	71.0
28	25	140.0
41	12	343.0
4	48	60.0
47	6	223.0
40	13	356.0
36	16	157.0
23	30	105.0
14	38	33.0
18	35	79.0
43	10	228.0
7	47	124.0
8	44	90.0
43	11	132.0
13	40	356.0
28	24	127.0
37	17	95.0
11	42	121.0
17	36	89.0
34	18	83.0
15	38	66.0
35	19	69.0
5	48	69.0
45	8	183.0
40	12	312.0
27	26	28.0
11	43	132.0
20	32	274.0
44	8	90.0
13	41	364.0
20	33	104.0
42	11	121.0
24	29	164.0
31	23	66.0
12	41	343.0
19	34	65.0
25	29	201.0
18	34	83.0
30	22	38.0
35	18	79.0
39	15	71.0
12	40	312.0
9	44	82.0
37	16	163.0
44	9	82.0
4	50	125.0
50	4	125.0
4	51	246.0
51	4	246.0
15	41	160.0
29	26	228.0
33	22	69.0
5	50	116.0
49	7	161.0
35	20	103.0
11	44	176.0
13	43	242.0
24	31	102.0
20	35	103.0
34	21	41.0
48	7	96.0
44	10	267.0
16	38	144.0
27	28	157.0
47	9	138.0
30	24	139.0
27	29	213.0
39	16	154.0
22	33	69.0
43	12	205.0
42	13	281.0
15	40	160.0
19	36	81.0
48	6	175.0
43	13	242.0
34	20	102.0
26	29	228.0
49	6	146.0
50	5	116.0
5	51	239.0
23	33	36.0
28	27	157.0
10	44	267.0
33	23	36.0
25	31	191.0
41	14	215.0
14	40	116.0
14	41	215.0
26	28	168.0
45	10	197.0
7	49	161.0
46	8	314.0
17	39	86.0
30	25	213.0
18	37	92.0
44	11	176.0
13	42	281.0
37	19	91.0
40	14	116.0
24	30	139.0
47	8	154.0
46	9	296.0
36	18	93.0
20	34	102.0
42	12	233.0
32	23	155.0
10	45	197.0
45	11	100.0
32	22	250.0
28	26	168.0
51	5	239.0
6	48	175.0
7	48	96.0
37	18	92.0
35	21	42.0
31	25	191.0
25	30	213.0
6	49	146.0
17	38	76.0
12	43	205.0
40	15	160.0
21	35	42.0
29	27	213.0
41	15	160.0
38	17	76.0
31	24	102.0
18	36	93.0
11	45	100.0
12	42	233.0
19	37	91.0
21	34	41.0
9	46	296.0
38	16	144.0
39	17	86.0
9	47	138.0
8	46	314.0
22	32	250.0
23	32	155.0
16	39	154.0
36	19	81.0
8	47	154.0
50	7	215.0
7	50	215.0
6	51	429.0
6	50	351.0
35	23	38.0
32	25	229.0
50	6	351.0
48	8	138.0
14	43	58.0
32	24	151.0
12	45	174.0
28	29	65.0
46	11	129.0
47	11	98.0
21	37	70.0
19	38	78.0
20	37	132.0
36	20	123.0
19	39	87.0
40	16	111.0
41	17	123.0
51	6	429.0
27	30	211.0
37	21	70.0
13	44	317.0
13	45	212.0
42	15	143.0
31	27	181.0
42	14	60.0
16	40	111.0
49	8	204.0
48	9	127.0
35	22	71.0
45	13	212.0
18	39	84.0
22	34	68.0
24	32	151.0
33	25	154.0
38	18	80.0
43	15	33.0
8	49	204.0
45	12	174.0
21	36	63.0
17	41	123.0
10	46	176.0
37	20	132.0
25	32	229.0
9	48	127.0
26	31	206.0
12	44	275.0
38	19	78.0
27	31	181.0
16	41	102.0
31	26	206.0
15	42	143.0
49	9	193.0
47	10	194.0
17	40	83.0
41	16	102.0
18	38	80.0
34	22	68.0
9	49	193.0
7	51	358.0
23	34	38.0
26	30	233.0
40	17	83.0
11	46	129.0
43	14	58.0
30	27	211.0
44	12	275.0
39	18	84.0
36	21	63.0
11	47	98.0
51	7	358.0
10	47	194.0
33	24	69.0
14	42	60.0
25	33	154.0
22	35	71.0
39	19	87.0
46	10	176.0
15	43	33.0
20	36	123.0
44	13	317.0
29	28	65.0
34	23	38.0
24	33	69.0
30	26	233.0
23	35	38.0
8	48	138.0
48	11	154.0
9	50	200.0
8	51	372.0
8	50	221.0
46	12	81.0
23	36	17.0
30	28	111.0
19	41	119.0
50	8	221.0
47	12	189.0
13	46	91.0
44	14	80.0
18	40	23.0
42	16	193.0
16	43	145.0
31	29	112.0
31	28	123.0
12	47	189.0
45	15	39.0
33	27	145.0
17	42	135.0
14	44	80.0
33	26	169.0
39	21	62.0
23	37	11.0
25	34	159.0
41	18	185.0
38	20	113.0
10	49	261.0
22	37	98.0
32	26	215.0
37	23	11.0
15	44	119.0
40	19	150.0
49	11	166.0
51	8	372.0
43	16	145.0
22	36	87.0
35	24	73.0
32	27	192.0
19	40	150.0
44	15	119.0
18	41	185.0
21	39	62.0
34	25	159.0
29	31	112.0
43	17	79.0
28	30	111.0
34	24	73.0
50	9	200.0
9	51	351.0
17	43	79.0
24	35	73.0
37	22	98.0
24	34	73.0
40	18	23.0
12	46	81.0
28	31	123.0
35	25	161.0
20	39	124.0
21	38	52.0
45	14	49.0
42	17	135.0
47	13	231.0
14	45	49.0
30	29	76.0
25	35	161.0
26	32	215.0
29	30	76.0
15	45	39.0
36	22	87.0
46	13	91.0
48	10	250.0
11	48	154.0
51	9	351.0
36	23	17.0
13	47	231.0
27	33	145.0
16	42	193.0
49	10	261.0
41	19	119.0
20	38	113.0
11	49	166.0
39	20	124.0
27	32	192.0
26	33	169.0
38	21	52.0
10	48	250.0
10	50	71.0
50	10	71.0
10	51	100.0
15	47	65.0
34	26	173.0
51	10	100.0
29	32	293.0
49	12	221.0
40	21	94.0
11	50	47.0
50	11	47.0
45	17	110.0
27	34	149.0
49	13	250.0
31	30	48.0
28	32	274.0
17	45	110.0
21	40	94.0
16	44	109.0
11	51	155.0
15	46	135.0
34	27	149.0
24	36	52.0
43	18	105.0
22	38	81.0
38	22	81.0
35	26	175.0
35	27	151.0
39	23	20.0
14	47	18.0
16	45	177.0
33	29	110.0
23	39	20.0
28	33	100.0
32	28	274.0
20	40	131.0
26	35	175.0
32	29	293.0
23	38	29.0
40	20	131.0
46	15	135.0
25	36	144.0
30	31	48.0
37	24	48.0
27	35	151.0
39	22	91.0
38	23	29.0
44	17	57.0
21	41	134.0
18	43	105.0
12	49	221.0
36	25	144.0
47	14	18.0
41	20	72.0
22	39	91.0
20	41	72.0
13	49	250.0
51	11	155.0
26	34	173.0
36	24	52.0
24	37	48.0
46	14	174.0
41	21	134.0
25	37	145.0
18	42	92.0
19	43	49.0
45	16	177.0
13	48	278.0
12	48	240.0
48	12	240.0
14	46	174.0
43	19	49.0
48	13	278.0
44	16	109.0
47	15	65.0
29	33	110.0
19	42	160.0
42	19	160.0
17	44	57.0
42	18	92.0
37	25	145.0
33	28	100.0
50	12	135.0
12	50	135.0
45	19	74.0
38	25	158.0
29	35	113.0
35	28	108.0
41	22	104.0
25	38	158.0
19	45	74.0
31	33	38.0
43	20	100.0
27	37	129.0
26	37	155.0
25	39	152.0
49	14	102.0
42	21	122.0
40	23	123.0
47	17	104.0
12	51	70.0
51	12	70.0
15	48	70.0
43	21	50.0
48	15	70.0
46	16	297.0
13	50	186.0
48	14	62.0
30	33	70.0
14	49	102.0
40	22	136.0
39	24	57.0
23	40	123.0
24	39	57.0
39	25	152.0
20	42	183.0
44	18	19.0
45	18	126.0
49	15	33.0
50	13	186.0
32	30	237.0
35	29	113.0
36	26	156.0
28	35	108.0
37	26	155.0
22	41	104.0
36	27	131.0
33	31	38.0
32	31	190.0
26	36	156.0
16	47	172.0
19	44	113.0
13	51	80.0
18	44	19.0
17	46	237.0
37	27	129.0
34	29	110.0
30	32	237.0
31	32	190.0
42	20	183.0
29	34	110.0
20	43	100.0
15	49	33.0
18	45	126.0
47	16	172.0
51	13	80.0
14	48	62.0
23	41	206.0
17	47	104.0
22	40	136.0
28	34	104.0
33	30	70.0
21	42	122.0
44	19	113.0
16	46	297.0
27	36	131.0
21	43	50.0
34	28	104.0
24	38	65.0
38	24	65.0
41	23	206.0
46	17	237.0
51	15	256.0
14	50	124.0
41	25	280.0
37	28	121.0
39	26	163.0
21	45	81.0
36	29	127.0
25	41	280.0
50	14	124.0
22	42	160.0
49	16	136.0
27	38	145.0
31	34	33.0
14	51	249.0
51	14	249.0
15	50	178.0
46	19	170.0
19	47	91.0
29	36	127.0
42	22	160.0
20	45	133.0
46	18	261.0
24	40	157.0
50	15	178.0
17	48	48.0
38	27	145.0
47	18	104.0
48	17	48.0
18	46	261.0
42	23	74.0
25	40	257.0
37	29	138.0
23	43	46.0
36	28	111.0
40	25	257.0
39	27	138.0
27	39	138.0
47	19	91.0
15	51	256.0
19	46	170.0
31	35	31.0
43	23	46.0
33	32	184.0
49	17	82.0
35	30	68.0
16	49	136.0
17	49	82.0
44	20	108.0
45	20	133.0
23	42	74.0
30	34	67.0
32	33	184.0
43	22	59.0
34	31	33.0
40	24	157.0
38	26	170.0
34	30	67.0
26	38	170.0
16	48	115.0
20	44	108.0
18	47	104.0
44	21	58.0
30	35	68.0
45	21	81.0
22	43	59.0
41	24	234.0
21	44	58.0
26	39	163.0
29	37	138.0
28	37	121.0
24	41	234.0
28	36	111.0
35	31	31.0
48	16	115.0
51	17	345.0
50	16	299.0
16	50	299.0
34	32	183.0
20	46	239.0
40	26	266.0
43	25	144.0
39	29	133.0
45	23	35.0
16	51	412.0
27	40	239.0
51	16	412.0
17	50	232.0
39	28	120.0
44	22	102.0
36	30	89.0
19	49	9.0
47	20	137.0
33	34	5.0
42	24	89.0
38	28	115.0
24	43	72.0
50	17	232.0
18	49	130.0
49	19	9.0
38	29	124.0
30	37	96.0
41	26	307.0
23	44	85.0
37	30	96.0
35	33	8.0
25	42	189.0
19	48	66.0
29	39	133.0
24	42	89.0
31	37	55.0
46	21	208.0
25	43	144.0
41	27	291.0
35	32	180.0
37	31	55.0
34	33	5.0
47	21	78.0
48	18	67.0
45	22	89.0
36	31	51.0
28	39	120.0
20	47	137.0
17	51	345.0
49	18	130.0
46	20	239.0
32	35	180.0
26	40	266.0
31	36	51.0
22	44	102.0
32	34	183.0
42	25	189.0
21	46	208.0
33	35	8.0
43	24	72.0
40	27	239.0
28	38	115.0
21	47	78.0
48	19	66.0
23	45	35.0
30	36	89.0
22	45	89.0
26	41	307.0
18	48	67.0
44	23	85.0
27	41	291.0
29	38	124.0
50	18	211.0
18	50	211.0
49	21	59.0
23	46	163.0
24	44	120.0
27	43	140.0
29	40	178.0
32	36	167.0
38	30	78.0
35	34	4.0
34	35	4.0
41	28	143.0
46	23	163.0
21	48	23.0
25	45	113.0
37	32	156.0
36	32	167.0
22	46	193.0
43	26	162.0
44	25	218.0
25	44	218.0
18	51	345.0
51	18	345.0
20	49	78.0
37	33	29.0
24	45	43.0
26	42	188.0
49	20	78.0
31	38	37.0
26	43	162.0
23	47	4.0
19	50	215.0
48	20	86.0
33	36	19.0
33	37	29.0
46	22	193.0
27	42	160.0
28	40	200.0
41	29	79.0
28	41	143.0
29	41	79.0
47	22	100.0
50	19	215.0
22	47	100.0
32	37	156.0
45	25	113.0
43	27	140.0
39	31	46.0
42	27	160.0
42	26	188.0
48	21	23.0
36	33	19.0
19	51	297.0
44	24	120.0
39	30	88.0
40	28	200.0
30	39	88.0
21	49	59.0
30	38	78.0
51	19	297.0
20	48	86.0
38	31	37.0
47	23	4.0
40	29	178.0
31	39	46.0
45	24	43.0
50	21	208.0
20	51	364.0
20	50	268.0
29	43	96.0
30	41	110.0
30	40	102.0
47	24	37.0
38	33	15.0
33	39	23.0
28	42	193.0
40	30	102.0
35	37	29.0
27	45	107.0
50	20	268.0
23	49	89.0
36	34	22.0
34	37	30.0
38	32	170.0
39	32	161.0
49	22	32.0
51	20	364.0
24	47	37.0
45	27	107.0
24	46	138.0
21	50	208.0
49	23	89.0
47	25	133.0
44	26	228.0
40	31	78.0
42	28	193.0
46	24	138.0
32	38	170.0
37	35	29.0
35	36	21.0
43	28	81.0
22	49	32.0
44	27	202.0
36	35	21.0
26	45	130.0
41	31	157.0
29	42	204.0
39	33	23.0
34	36	22.0
43	29	96.0
42	29	204.0
21	51	317.0
51	21	317.0
48	22	61.0
22	48	61.0
41	30	110.0
32	39	161.0
33	38	15.0
46	25	46.0
28	43	81.0
37	34	30.0
31	41	157.0
27	44	202.0
25	47	133.0
23	48	58.0
48	23	58.0
45	26	130.0
25	46	46.0
26	44	228.0
31	40	78.0
28	44	161.0
50	22	229.0
22	50	229.0
30	43	71.0
40	33	110.0
39	34	23.0
26	46	73.0
37	36	11.0
38	34	13.0
22	51	318.0
31	42	98.0
43	30	71.0
41	32	347.0
42	31	98.0
39	35	21.0
35	38	11.0
28	45	87.0
44	29	146.0
49	25	158.0
29	45	120.0
41	33	171.0
45	29	120.0
32	40	176.0
34	39	23.0
42	30	146.0
47	27	117.0
51	22	318.0
35	39	21.0
23	50	129.0
50	23	129.0
29	44	146.0
36	37	11.0
31	43	52.0
24	49	110.0
23	51	245.0
46	26	73.0
43	31	52.0
26	47	143.0
27	47	117.0
40	32	176.0
51	23	245.0
24	48	93.0
34	38	13.0
38	35	11.0
25	49	158.0
45	28	87.0
48	24	93.0
44	28	161.0
47	26	143.0
25	48	180.0
48	25	180.0
27	46	86.0
32	41	347.0
33	41	171.0
30	42	146.0
33	40	110.0
46	27	86.0
49	24	110.0
25	51	131.0
24	50	98.0
49	27	164.0
47	29	138.0
31	45	78.0
29	46	196.0
50	24	98.0
36	39	10.0
48	27	171.0
42	32	91.0
41	35	172.0
26	49	182.0
49	26	182.0
29	47	138.0
47	28	116.0
41	34	170.0
40	35	102.0
30	44	73.0
34	41	170.0
24	51	209.0
51	24	209.0
27	49	164.0
34	40	105.0
39	37	9.0
31	44	38.0
25	50	124.0
50	25	124.0
28	46	131.0
42	33	96.0
37	38	19.0
37	39	9.0
46	28	131.0
32	43	200.0
36	38	14.0
46	29	196.0
48	26	195.0
45	30	104.0
45	31	78.0
33	43	20.0
40	34	105.0
32	42	91.0
44	31	38.0
43	33	20.0
28	47	116.0
39	36	10.0
38	37	19.0
35	40	102.0
38	36	14.0
35	41	172.0
51	25	131.0
27	48	171.0
33	42	96.0
26	48	195.0
44	30	73.0
30	45	104.0
43	32	200.0
50	26	103.0
26	51	106.0
26	50	103.0
30	47	103.0
29	49	54.0
34	42	94.0
41	37	200.0
51	26	106.0
48	28	112.0
41	36	190.0
29	48	106.0
31	47	65.0
42	35	91.0
45	33	40.0
46	31	211.0
46	30	224.0
27	50	84.0
50	27	84.0
35	43	28.0
36	40	114.0
48	29	106.0
47	31	65.0
47	30	103.0
49	28	48.0
27	51	128.0
33	44	69.0
40	37	112.0
35	42	91.0
51	27	128.0
39	38	11.0
43	34	24.0
38	39	11.0
28	49	48.0
45	32	187.0
31	46	211.0
28	48	112.0
30	46	224.0
33	45	40.0
37	41	200.0
40	36	114.0
49	29	54.0
32	45	187.0
34	43	24.0
37	40	112.0
36	41	190.0
42	34	94.0
32	44	172.0
44	32	172.0
44	33	69.0
43	35	28.0
28	50	218.0
50	28	218.0
28	51	270.0
31	48	12.0
33	47	33.0
46	33	174.0
51	28	270.0
30	49	66.0
32	46	274.0
44	35	61.0
33	46	174.0
39	40	105.0
49	30	66.0
47	33	33.0
42	37	72.0
38	40	102.0
38	41	182.0
29	50	261.0
50	29	261.0
34	45	46.0
36	43	33.0
41	38	182.0
46	32	274.0
37	42	72.0
35	44	61.0
42	36	82.0
29	51	333.0
48	31	12.0
32	47	159.0
36	42	82.0
34	44	64.0
51	29	333.0
45	34	46.0
43	37	43.0
43	36	33.0
48	30	49.0
40	38	102.0
40	39	105.0
41	39	193.0
30	48	49.0
31	49	76.0
49	31	76.0
39	41	193.0
47	32	159.0
35	45	48.0
45	35	48.0
37	43	43.0
44	34	64.0
30	51	339.0
30	50	234.0
42	38	81.0
38	43	34.0
50	30	234.0
51	30	339.0
31	50	192.0
45	37	41.0
50	31	192.0
45	36	35.0
36	44	74.0
46	35	182.0
35	47	36.0
49	32	243.0
42	39	73.0
34	46	180.0
31	51	310.0
33	48	26.0
34	47	36.0
48	33	26.0
37	45	41.0
40	41	199.0
36	45	35.0
37	44	74.0
48	32	191.0
41	40	199.0
35	46	182.0
43	38	34.0
51	31	310.0
32	49	243.0
47	35	36.0
44	36	74.0
39	43	40.0
33	49	61.0
47	34	36.0
39	42	73.0
46	34	180.0
32	48	191.0
43	39	40.0
49	33	61.0
44	37	74.0
38	42	81.0
49	34	63.0
34	48	21.0
32	50	119.0
50	32	119.0
46	36	169.0
49	35	66.0
32	51	272.0
42	41	255.0
48	34	21.0
48	35	20.0
39	44	66.0
44	39	66.0
51	32	272.0
33	50	164.0
43	40	128.0
50	33	164.0
37	46	173.0
41	43	163.0
39	45	45.0
42	40	100.0
35	49	66.0
33	51	273.0
51	33	273.0
47	36	15.0
38	44	61.0
41	42	255.0
43	41	163.0
40	43	128.0
36	47	15.0
44	38	61.0
38	45	47.0
34	49	63.0
36	46	169.0
40	42	100.0
46	37	173.0
45	38	47.0
37	47	12.0
35	48	20.0
45	39	45.0
47	37	12.0
36	49	76.0
34	51	278.0
34	50	167.0
40	44	41.0
45	40	148.0
50	34	167.0
51	34	278.0
35	50	166.0
39	46	179.0
41	45	192.0
38	46	182.0
44	41	180.0
42	43	114.0
48	36	41.0
49	36	76.0
38	47	28.0
50	35	166.0
46	39	179.0
41	44	180.0
43	42	114.0
39	47	20.0
37	48	48.0
37	49	87.0
45	41	192.0
46	38	182.0
44	40	41.0
47	39	20.0
35	51	279.0
49	37	87.0
51	35	279.0
47	38	28.0
40	45	148.0
48	37	48.0
36	48	41.0
50	37	138.0
36	50	145.0
44	43	87.0
46	40	283.0
50	36	145.0
36	51	259.0
51	36	259.0
44	42	84.0
42	45	109.0
43	45	33.0
41	46	273.0
41	47	204.0
37	50	138.0
40	46	283.0
49	38	76.0
37	51	257.0
38	49	76.0
39	49	83.0
45	43	33.0
48	38	29.0
49	39	83.0
48	39	39.0
42	44	84.0
43	44	87.0
47	40	125.0
51	37	257.0
46	41	273.0
40	47	125.0
47	41	204.0
38	48	29.0
39	48	39.0
45	42	109.0
39	50	146.0
38	50	157.0
50	38	157.0
49	41	127.0
46	43	160.0
41	48	157.0
38	51	273.0
46	42	226.0
45	44	107.0
42	47	78.0
43	47	43.0
41	49	127.0
47	43	43.0
51	38	273.0
50	39	146.0
39	51	265.0
48	40	90.0
49	40	153.0
48	41	157.0
51	39	265.0
47	42	78.0
43	46	160.0
44	45	107.0
40	49	153.0
40	48	90.0
42	46	226.0
51	41	411.0
40	50	224.0
48	42	100.0
44	47	86.0
42	49	157.0
50	40	224.0
40	51	363.0
49	42	157.0
46	44	242.0
45	46	135.0
49	43	44.0
51	40	363.0
41	50	332.0
43	48	39.0
48	43	39.0
46	45	135.0
50	41	332.0
43	49	44.0
41	51	411.0
47	44	86.0
44	46	242.0
42	48	100.0
45	47	31.0
47	45	31.0
51	42	274.0
42	50	126.0
50	42	126.0
44	49	114.0
49	44	114.0
46	47	161.0
42	51	274.0
47	46	161.0
43	50	170.0
45	49	67.0
49	45	67.0
50	43	170.0
43	51	268.0
48	44	49.0
51	43	268.0
45	48	66.0
48	45	66.0
44	48	49.0
45	51	235.0
44	50	198.0
50	44	198.0
44	51	329.0
48	47	56.0
51	44	329.0
45	50	141.0
50	45	141.0
49	46	162.0
51	45	235.0
48	46	199.0
47	49	86.0
46	48	199.0
46	49	162.0
49	47	86.0
47	48	56.0
50	47	131.0
46	51	149.0
46	50	170.0
50	46	170.0
51	46	149.0
47	50	131.0
47	51	245.0
51	47	245.0
49	48	66.0
48	49	66.0
48	50	185.0
50	48	185.0
48	51	299.0
51	48	299.0
49	50	207.0
50	49	207.0
49	51	288.0
51	49	288.0
50	51	156.0
51	50	156.0
