Cantidad de nodos:100

0	1	387.0
1	0	387.0
0	2	553.0
2	0	553.0
0	3	101.0
3	0	101.0
1	2	671.0
2	1	671.0
1	3	409.0
3	1	409.0
1	4	460.0
0	4	259.0
4	0	259.0
0	5	353.0
5	0	353.0
4	1	460.0
1	5	346.0
5	1	346.0
3	2	653.0
2	3	653.0
6	0	210.0
0	7	107.0
0	6	210.0
4	2	294.0
3	4	359.0
7	0	107.0
1	6	341.0
5	2	326.0
4	3	359.0
6	1	341.0
1	7	303.0
5	3	444.0
3	5	444.0
7	1	303.0
2	5	326.0
2	4	294.0
8	1	716.0
0	8	531.0
8	0	531.0
6	2	743.0
0	9	292.0
9	0	292.0
1	8	716.0
4	5	197.0
1	9	670.0
2	7	617.0
7	3	108.0
9	1	670.0
7	2	617.0
3	7	108.0
5	4	197.0
3	6	139.0
2	6	743.0
6	3	139.0
1	10	726.0
0	10	430.0
10	0	430.0
2	9	701.0
4	6	453.0
9	2	701.0
0	11	353.0
11	0	353.0
10	1	726.0
8	2	1079.0
1	11	721.0
4	7	328.0
8	3	431.0
11	1	721.0
6	4	453.0
6	5	486.0
3	9	268.0
5	6	486.0
5	7	367.0
9	3	268.0
3	8	431.0
2	8	1079.0
7	5	367.0
7	4	328.0
1	13	792.0
0	12	457.0
12	0	457.0
10	2	324.0
8	4	788.0
0	13	409.0
13	0	409.0
6	7	126.0
4	9	449.0
9	4	449.0
5	8	867.0
7	6	126.0
1	12	809.0
3	10	510.0
9	5	611.0
3	11	312.0
8	5	867.0
11	3	312.0
2	11	776.0
5	9	611.0
4	8	788.0
12	1	809.0
13	1	792.0
10	3	510.0
2	10	324.0
11	2	776.0
0	15	234.0
0	14	554.0
14	0	554.0
7	8	501.0
13	2	627.0
13	3	429.0
10	4	271.0
5	11	682.0
15	0	234.0
11	5	682.0
7	9	368.0
3	12	510.0
12	3	510.0
1	14	687.0
14	1	687.0
1	15	500.0
6	8	394.0
9	7	368.0
2	13	627.0
4	10	271.0
4	11	524.0
11	4	524.0
15	1	500.0
12	2	494.0
5	10	453.0
3	13	429.0
10	5	453.0
9	6	390.0
8	6	394.0
2	12	494.0
6	9	390.0
8	7	501.0
0	17	387.0
1	16	880.0
0	16	519.0
16	0	519.0
13	4	447.0
15	2	782.0
15	3	136.0
6	10	639.0
6	11	419.0
13	5	640.0
10	6	639.0
9	8	466.0
7	10	531.0
17	0	387.0
3	14	654.0
14	2	26.0
7	11	418.0
12	4	390.0
4	13	447.0
16	1	880.0
1	17	771.0
12	5	586.0
4	12	390.0
5	12	586.0
11	6	419.0
2	15	782.0
17	1	771.0
14	3	654.0
11	7	418.0
10	7	531.0
8	9	466.0
5	13	640.0
2	14	26.0
3	15	136.0
0	19	435.0
0	18	346.0
18	0	346.0
12	7	564.0
7	13	509.0
19	0	435.0
11	8	426.0
1	18	446.0
9	10	441.0
11	9	75.0
12	6	649.0
16	2	919.0
16	3	471.0
17	2	726.0
18	1	446.0
1	19	704.0
13	7	509.0
8	10	884.0
7	12	564.0
8	11	426.0
2	17	726.0
3	16	471.0
15	5	579.0
10	8	884.0
6	13	565.0
9	11	75.0
15	4	490.0
17	3	374.0
4	14	296.0
6	12	649.0
19	1	704.0
2	16	919.0
14	4	296.0
5	15	579.0
13	6	565.0
4	15	490.0
10	9	441.0
3	17	374.0
5	14	343.0
14	5	343.0
0	21	218.0
1	20	357.0
0	20	219.0
8	12	819.0
10	11	509.0
3	19	344.0
9	13	206.0
13	9	206.0
20	0	219.0
14	7	622.0
4	17	503.0
21	0	218.0
8	13	667.0
18	2	235.0
16	4	682.0
15	6	165.0
20	1	357.0
1	21	574.0
6	14	748.0
12	8	819.0
16	5	847.0
2	19	960.0
17	4	503.0
21	1	574.0
3	18	446.0
5	17	680.0
14	6	748.0
17	5	680.0
13	8	667.0
4	16	682.0
15	7	224.0
19	2	960.0
19	3	344.0
6	15	165.0
18	3	446.0
9	12	353.0
11	10	509.0
12	9	353.0
5	16	847.0
7	14	622.0
7	15	224.0
2	18	235.0
1	22	181.0
0	22	210.0
22	0	210.0
6	17	498.0
9	15	258.0
14	9	693.0
4	18	114.0
5	19	787.0
8	14	1078.0
17	7	472.0
0	23	498.0
23	0	498.0
15	9	258.0
5	18	117.0
11	13	243.0
13	10	315.0
20	2	363.0
2	21	711.0
18	4	114.0
9	14	693.0
6	16	563.0
13	11	243.0
21	2	711.0
22	1	181.0
14	8	1078.0
11	12	406.0
1	23	765.0
18	5	117.0
23	1	765.0
20	3	316.0
10	12	170.0
10	13	315.0
4	19	676.0
12	10	170.0
19	4	676.0
2	20	363.0
12	11	406.0
8	15	298.0
3	21	164.0
21	3	164.0
17	6	498.0
19	5	787.0
7	17	472.0
15	8	298.0
7	16	578.0
16	7	578.0
16	6	563.0
3	20	316.0
21	4	433.0
0	25	420.0
0	24	462.0
24	0	462.0
5	21	566.0
5	20	142.0
13	12	173.0
8	17	538.0
11	14	767.0
4	20	104.0
7	18	393.0
17	8	538.0
14	11	767.0
6	19	363.0
18	7	393.0
14	10	305.0
9	16	236.0
25	0	420.0
4	21	433.0
9	17	108.0
3	22	253.0
18	6	518.0
10	14	305.0
22	3	253.0
1	24	737.0
20	5	142.0
16	8	454.0
15	10	608.0
10	15	608.0
19	6	363.0
12	13	173.0
23	3	408.0
15	11	269.0
24	1	737.0
1	25	501.0
22	2	562.0
16	9	236.0
6	18	518.0
17	9	108.0
25	1	501.0
19	7	438.0
21	5	566.0
2	23	1018.0
7	19	438.0
8	16	454.0
3	23	408.0
2	22	562.0
23	2	1018.0
11	15	269.0
20	4	104.0
0	27	446.0
0	26	491.0
22	4	306.0
9	19	305.0
26	0	491.0
27	0	446.0
20	6	384.0
15	12	575.0
25	2	965.0
15	13	457.0
8	18	877.0
18	8	877.0
17	11	112.0
18	9	561.0
1	26	784.0
26	1	784.0
2	25	965.0
1	27	546.0
24	3	373.0
23	5	850.0
21	7	271.0
3	25	326.0
8	19	169.0
13	14	612.0
20	7	258.0
17	10	433.0
10	16	627.0
14	13	612.0
13	15	457.0
12	15	575.0
25	3	326.0
3	24	373.0
11	17	112.0
5	23	850.0
7	21	271.0
19	8	169.0
27	1	546.0
4	22	306.0
22	5	263.0
6	21	275.0
4	23	737.0
23	4	737.0
6	20	384.0
11	16	167.0
19	9	305.0
12	14	475.0
5	22	263.0
14	12	475.0
9	18	561.0
21	6	275.0
16	11	167.0
16	10	627.0
10	17	433.0
7	20	258.0
2	24	980.0
24	2	980.0
1	28	504.0
28	0	234.0
0	28	234.0
18	10	340.0
5	24	814.0
22	7	147.0
5	25	707.0
27	2	126.0
10	18	340.0
21	8	391.0
14	15	782.0
4	25	673.0
0	29	505.0
29	0	505.0
16	13	320.0
24	5	814.0
19	10	737.0
12	16	494.0
2	27	126.0
3	26	407.0
9	20	468.0
18	11	636.0
22	6	238.0
15	14	782.0
23	7	502.0
21	9	117.0
11	18	636.0
17	12	309.0
7	22	147.0
28	1	504.0
27	3	547.0
6	23	425.0
9	21	117.0
10	19	737.0
1	29	855.0
13	17	138.0
20	8	747.0
11	19	259.0
4	24	699.0
7	23	502.0
8	21	391.0
16	12	494.0
25	4	673.0
26	2	994.0
26	3	407.0
20	9	468.0
19	11	259.0
25	5	707.0
8	20	747.0
12	17	309.0
6	22	238.0
29	1	855.0
2	26	994.0
24	4	699.0
13	16	320.0
17	13	138.0
3	27	547.0
23	6	425.0
31	0	334.0
1	30	170.0
0	30	220.0
30	0	220.0
12	19	658.0
0	31	334.0
22	8	632.0
13	18	557.0
29	3	448.0
16	14	907.0
24	6	397.0
9	22	500.0
9	23	347.0
26	4	719.0
2	29	932.0
26	5	844.0
17	15	363.0
12	18	483.0
27	5	202.0
21	10	493.0
19	12	658.0
4	26	719.0
14	16	907.0
23	8	164.0
11	20	540.0
18	12	483.0
28	2	334.0
6	25	224.0
8	23	164.0
7	24	469.0
25	7	350.0
16	15	401.0
14	17	713.0
15	16	401.0
5	27	202.0
10	21	493.0
11	21	148.0
8	22	632.0
23	9	347.0
29	2	932.0
25	6	224.0
4	27	192.0
17	14	713.0
7	25	350.0
20	10	372.0
21	11	148.0
18	13	557.0
10	20	372.0
28	3	330.0
30	1	170.0
27	4	192.0
22	9	500.0
1	31	516.0
31	1	516.0
2	28	334.0
19	13	501.0
15	17	363.0
13	19	501.0
24	7	469.0
20	11	540.0
3	28	330.0
5	26	844.0
6	24	397.0
3	29	448.0
0	32	386.0
1	33	781.0
32	0	386.0
0	33	430.0
15	18	581.0
14	19	956.0
3	30	261.0
23	11	292.0
33	0	430.0
29	4	685.0
24	9	312.0
15	19	213.0
6	27	627.0
1	32	446.0
11	23	292.0
6	26	444.0
10	22	559.0
28	4	77.0
28	5	272.0
7	26	508.0
5	28	272.0
21	12	439.0
22	10	559.0
12	20	477.0
29	5	842.0
19	14	956.0
13	21	313.0
18	14	246.0
27	7	501.0
4	29	685.0
2	31	219.0
4	28	77.0
14	18	246.0
18	15	581.0
31	3	434.0
32	1	446.0
23	10	786.0
8	25	229.0
9	25	492.0
22	11	556.0
20	12	477.0
5	29	842.0
12	21	439.0
20	13	508.0
16	17	195.0
9	24	312.0
21	13	313.0
13	20	508.0
8	24	179.0
17	16	195.0
24	8	179.0
26	7	508.0
33	1	781.0
19	15	213.0
27	6	627.0
10	23	786.0
11	22	556.0
30	3	261.0
2	30	569.0
30	2	569.0
25	8	229.0
7	27	501.0
31	2	219.0
26	6	444.0
25	9	492.0
3	31	434.0
34	0	562.0
0	34	562.0
32	3	484.0
0	35	628.0
35	0	628.0
1	34	817.0
33	3	486.0
22	12	631.0
6	28	441.0
33	2	479.0
19	16	295.0
19	17	370.0
13	23	534.0
6	29	531.0
24	10	749.0
10	25	834.0
4	31	76.0
23	12	697.0
7	28	323.0
10	24	749.0
21	14	706.0
30	5	266.0
34	1	817.0
23	13	534.0
9	27	632.0
12	22	631.0
18	16	796.0
3	33	486.0
20	15	452.0
17	19	370.0
14	20	371.0
7	29	556.0
1	35	1009.0
4	30	316.0
32	2	225.0
16	18	796.0
31	4	76.0
29	6	531.0
13	22	612.0
35	1	1009.0
27	8	977.0
28	7	323.0
5	30	266.0
26	9	308.0
16	19	295.0
8	27	977.0
27	9	632.0
5	31	211.0
3	32	484.0
30	4	316.0
25	10	834.0
2	33	479.0
2	32	225.0
8	26	223.0
22	13	612.0
24	11	259.0
12	23	697.0
25	11	487.0
15	21	144.0
20	14	371.0
14	21	706.0
15	20	452.0
21	15	144.0
11	25	487.0
26	8	223.0
31	5	211.0
29	7	556.0
18	17	616.0
11	24	259.0
17	18	616.0
9	26	308.0
28	6	441.0
34	2	1083.0
0	37	341.0
0	36	121.0
36	0	121.0
37	0	341.0
3	34	470.0
14	22	573.0
25	12	813.0
21	17	224.0
2	35	749.0
6	30	241.0
23	15	278.0
20	17	540.0
21	16	307.0
12	24	663.0
35	3	647.0
9	29	236.0
27	10	326.0
33	4	364.0
32	5	102.0
19	18	776.0
9	28	381.0
32	4	162.0
34	3	470.0
3	35	647.0
5	32	102.0
15	22	369.0
22	15	369.0
10	26	749.0
23	14	1013.0
16	20	705.0
12	25	813.0
4	32	162.0
30	6	241.0
27	11	707.0
1	36	504.0
10	27	326.0
20	16	705.0
11	26	246.0
18	19	776.0
11	27	707.0
8	29	402.0
14	23	1013.0
36	1	504.0
24	12	663.0
25	13	694.0
28	8	748.0
1	37	169.0
4	33	364.0
35	2	749.0
8	28	748.0
29	9	236.0
7	31	404.0
5	33	560.0
28	9	381.0
7	30	154.0
13	24	502.0
33	5	560.0
37	1	169.0
29	8	402.0
30	7	154.0
13	25	694.0
31	7	404.0
2	34	1083.0
31	6	529.0
15	23	278.0
17	20	540.0
17	21	224.0
24	13	502.0
16	21	307.0
22	14	573.0
26	10	749.0
26	11	246.0
6	31	529.0
38	0	294.0
39	0	438.0
0	38	294.0
37	2	504.0
13	27	593.0
16	22	720.0
27	12	489.0
18	20	135.0
34	5	914.0
6	33	624.0
14	25	969.0
18	21	538.0
7	33	537.0
28	10	223.0
12	27	489.0
17	22	597.0
31	9	503.0
36	3	170.0
3	37	403.0
25	14	969.0
10	29	650.0
19	21	250.0
4	35	633.0
9	31	503.0
11	29	162.0
24	15	245.0
22	17	597.0
20	18	135.0
15	25	239.0
0	39	438.0
30	8	635.0
8	31	861.0
11	28	456.0
10	28	223.0
21	18	538.0
26	13	486.0
24	14	976.0
29	10	650.0
5	34	914.0
22	16	720.0
19	20	654.0
35	5	830.0
36	2	534.0
32	6	549.0
35	4	633.0
17	23	399.0
8	30	635.0
25	15	239.0
33	6	624.0
32	7	424.0
3	36	170.0
1	38	671.0
37	3	403.0
34	4	802.0
6	32	549.0
31	8	861.0
12	26	652.0
14	24	976.0
7	32	424.0
5	35	830.0
15	24	245.0
38	1	671.0
28	11	456.0
1	39	778.0
39	1	778.0
21	19	250.0
13	26	486.0
27	13	593.0
23	16	291.0
16	23	291.0
20	19	654.0
2	37	504.0
4	34	802.0
9	30	509.0
30	9	509.0
33	7	537.0
2	36	534.0
26	12	652.0
29	11	162.0
23	17	399.0
1	41	653.0
0	40	469.0
40	0	469.0
0	41	313.0
3	39	499.0
32	8	915.0
16	25	581.0
11	31	578.0
24	16	276.0
30	10	570.0
5	37	178.0
34	6	479.0
35	6	781.0
4	36	257.0
9	33	339.0
10	31	243.0
7	35	729.0
26	15	286.0
36	4	257.0
39	2	446.0
31	11	578.0
15	26	286.0
18	23	838.0
19	23	64.0
6	35	781.0
29	13	352.0
22	18	327.0
13	29	352.0
18	22	327.0
24	17	368.0
41	0	313.0
2	39	446.0
39	3	499.0
6	34	479.0
17	25	591.0
5	36	409.0
7	34	562.0
8	33	802.0
3	38	268.0
25	17	591.0
8	32	915.0
1	40	94.0
35	7	729.0
25	16	581.0
21	20	426.0
23	18	838.0
33	9	339.0
38	3	268.0
37	5	178.0
14	26	988.0
19	22	582.0
23	19	64.0
26	14	988.0
31	10	243.0
12	28	321.0
9	32	609.0
32	9	609.0
11	30	565.0
28	13	370.0
40	1	94.0
20	21	426.0
28	12	321.0
17	24	368.0
34	7	562.0
16	24	276.0
30	11	565.0
41	1	653.0
15	27	680.0
14	27	141.0
22	19	582.0
38	2	705.0
2	38	705.0
37	4	321.0
27	14	141.0
10	30	570.0
12	29	525.0
27	15	680.0
4	37	321.0
36	5	409.0
33	8	802.0
29	12	525.0
13	28	370.0
42	0	344.0
0	42	344.0
0	43	546.0
43	0	546.0
17	26	349.0
26	16	233.0
17	27	673.0
1	42	731.0
39	5	542.0
19	24	34.0
35	8	829.0
21	22	413.0
22	21	413.0
33	10	155.0
38	4	453.0
31	13	473.0
14	28	331.0
16	26	233.0
29	14	922.0
33	11	395.0
42	1	731.0
8	34	161.0
28	14	331.0
40	3	480.0
1	43	932.0
3	41	381.0
3	40	480.0
37	6	392.0
24	18	801.0
25	18	743.0
25	19	300.0
27	16	860.0
8	35	829.0
9	34	408.0
18	25	743.0
39	4	348.0
7	37	301.0
10	33	155.0
16	27	860.0
23	20	717.0
31	12	387.0
2	41	417.0
41	2	417.0
6	37	392.0
14	29	922.0
6	36	307.0
28	15	453.0
19	25	300.0
35	9	402.0
41	3	381.0
5	39	542.0
9	35	402.0
24	19	34.0
11	32	683.0
29	15	367.0
13	30	623.0
37	7	301.0
23	21	307.0
32	11	683.0
27	17	673.0
43	1	932.0
40	2	758.0
34	9	408.0
34	8	161.0
20	22	207.0
4	38	453.0
7	36	225.0
30	12	642.0
13	31	473.0
18	24	801.0
32	10	377.0
11	33	395.0
26	17	349.0
15	28	453.0
21	23	307.0
36	6	307.0
30	13	623.0
20	23	717.0
12	30	642.0
15	29	367.0
5	38	614.0
2	40	758.0
4	39	348.0
10	32	377.0
22	20	207.0
38	5	614.0
36	7	225.0
12	31	387.0
5	40	432.0
44	0	632.0
0	44	632.0
28	17	428.0
21	25	381.0
2	43	808.0
15	30	375.0
11	35	411.0
18	26	824.0
23	22	646.0
19	26	87.0
13	32	604.0
39	6	636.0
0	45	471.0
28	16	611.0
33	12	28.0
45	0	471.0
1	44	1016.0
26	18	824.0
9	36	202.0
12	32	525.0
14	31	220.0
6	38	389.0
8	37	786.0
32	12	525.0
30	15	375.0
15	31	563.0
32	13	604.0
40	4	554.0
14	30	580.0
27	19	868.0
17	29	219.0
10	34	848.0
40	5	432.0
43	2	808.0
25	20	608.0
11	34	348.0
5	41	440.0
9	37	631.0
29	16	52.0
33	13	171.0
30	14	580.0
35	11	411.0
12	33	28.0
43	3	538.0
44	1	1016.0
1	45	795.0
42	3	350.0
41	5	440.0
31	15	563.0
42	2	650.0
22	23	646.0
37	9	631.0
27	18	110.0
39	7	544.0
10	35	427.0
26	19	87.0
36	9	202.0
3	43	538.0
4	41	243.0
31	14	220.0
25	21	381.0
13	33	171.0
24	21	270.0
37	8	786.0
34	11	348.0
3	42	350.0
45	1	795.0
19	27	868.0
20	25	608.0
36	8	554.0
21	24	270.0
16	29	52.0
38	6	389.0
7	39	544.0
4	40	554.0
16	28	611.0
35	10	427.0
24	20	680.0
29	17	219.0
6	39	636.0
17	28	428.0
8	36	554.0
18	27	110.0
7	38	369.0
38	7	369.0
34	10	848.0
20	24	680.0
41	4	243.0
2	42	650.0
3	45	399.0
1	46	652.0
0	46	289.0
46	0	289.0
0	47	307.0
28	19	626.0
35	13	220.0
17	30	607.0
44	3	645.0
6	40	391.0
25	22	451.0
44	2	779.0
8	39	830.0
24	23	38.0
5	42	615.0
23	24	38.0
41	6	515.0
3	44	645.0
39	8	830.0
9	38	4.0
9	39	368.0
32	15	620.0
22	24	614.0
15	32	620.0
18	28	189.0
19	28	626.0
25	23	340.0
6	41	515.0
20	27	243.0
30	17	607.0
12	35	258.0
30	16	729.0
29	18	797.0
43	5	815.0
40	6	391.0
40	7	378.0
10	37	591.0
20	26	708.0
22	25	451.0
7	40	378.0
11	37	694.0
27	20	243.0
32	14	241.0
31	17	545.0
37	11	694.0
26	20	708.0
28	18	189.0
35	12	258.0
37	10	591.0
4	42	433.0
38	8	462.0
39	9	368.0
4	43	626.0
2	45	946.0
47	0	307.0
41	7	419.0
11	36	274.0
34	12	754.0
46	1	652.0
33	15	554.0
15	33	554.0
10	36	344.0
21	26	287.0
26	21	287.0
24	22	614.0
14	33	460.0
21	27	624.0
13	35	220.0
42	5	615.0
38	9	4.0
34	13	589.0
16	30	729.0
1	47	692.0
8	38	462.0
19	29	245.0
14	32	241.0
13	34	589.0
45	3	399.0
36	11	274.0
27	21	624.0
17	31	545.0
7	41	419.0
12	34	754.0
43	4	626.0
33	14	460.0
5	43	815.0
42	4	433.0
47	1	692.0
2	44	779.0
29	19	245.0
23	25	340.0
45	2	946.0
16	31	731.0
31	16	731.0
18	29	797.0
36	10	344.0
1	49	150.0
0	48	315.0
48	0	315.0
5	44	848.0
7	42	438.0
33	17	302.0
40	8	740.0
9	40	746.0
18	30	334.0
40	9	746.0
19	31	745.0
22	26	654.0
15	34	338.0
6	42	483.0
11	39	427.0
29	21	288.0
45	4	681.0
6	43	661.0
34	15	338.0
43	7	634.0
28	20	157.0
5	45	820.0
41	8	742.0
41	9	302.0
42	7	438.0
20	28	157.0
0	49	285.0
4	44	652.0
24	25	330.0
25	24	330.0
21	29	288.0
26	22	654.0
32	16	843.0
20	29	700.0
39	10	121.0
12	36	343.0
12	37	698.0
30	19	588.0
35	15	661.0
44	5	848.0
10	39	121.0
15	35	661.0
32	17	664.0
38	11	72.0
9	41	302.0
3	47	327.0
28	21	377.0
31	18	97.0
4	45	681.0
39	11	427.0
37	12	698.0
27	23	929.0
2	47	594.0
7	43	634.0
8	41	742.0
38	10	445.0
36	12	343.0
17	33	302.0
27	22	437.0
47	3	327.0
10	38	445.0
47	2	594.0
49	0	285.0
34	14	1078.0
14	35	729.0
42	6	483.0
16	33	491.0
33	16	491.0
13	37	713.0
19	30	588.0
13	36	289.0
46	2	476.0
23	26	59.0
37	13	713.0
44	4	652.0
29	20	700.0
17	32	664.0
30	18	334.0
43	6	661.0
46	3	344.0
1	48	74.0
48	1	74.0
49	1	150.0
35	14	729.0
14	34	1078.0
3	46	344.0
45	5	820.0
8	40	740.0
22	27	437.0
16	32	843.0
21	28	377.0
11	38	72.0
2	46	476.0
23	27	929.0
31	19	745.0
26	23	59.0
36	13	289.0
18	31	97.0
51	1	470.0
0	51	388.0
0	50	539.0
28	22	336.0
24	27	891.0
7	44	731.0
8	42	578.0
36	14	530.0
11	41	372.0
45	7	505.0
19	33	643.0
21	30	422.0
35	17	301.0
44	7	731.0
50	0	539.0
5	46	470.0
13	39	207.0
9	42	115.0
12	38	357.0
15	37	525.0
16	34	324.0
46	5	470.0
47	5	560.0
31	20	166.0
34	17	452.0
27	24	891.0
4	47	376.0
41	11	372.0
32	18	48.0
41	10	142.0
17	35	301.0
25	27	850.0
25	26	385.0
2	49	698.0
3	48	344.0
12	39	49.0
31	21	498.0
28	23	684.0
40	11	792.0
24	26	55.0
35	16	402.0
18	32	48.0
5	47	560.0
17	34	452.0
43	8	653.0
7	45	505.0
51	0	388.0
1	50	925.0
48	2	621.0
18	33	458.0
6	45	461.0
13	38	209.0
33	18	458.0
45	6	461.0
50	1	925.0
47	4	376.0
44	6	777.0
11	40	792.0
39	12	49.0
37	15	525.0
3	49	280.0
33	19	643.0
19	32	819.0
22	29	700.0
37	14	521.0
16	35	402.0
27	25	850.0
36	15	266.0
42	8	578.0
34	16	324.0
39	13	207.0
26	25	385.0
21	31	498.0
20	30	216.0
20	31	166.0
43	9	272.0
1	51	470.0
6	44	777.0
10	41	142.0
49	2	698.0
48	3	344.0
46	4	277.0
42	9	115.0
29	23	240.0
10	40	820.0
40	10	820.0
23	29	240.0
23	28	684.0
38	13	209.0
15	36	266.0
32	19	819.0
22	28	336.0
30	20	216.0
2	48	621.0
4	46	277.0
9	43	272.0
14	37	521.0
30	21	422.0
26	24	55.0
14	36	530.0
29	22	700.0
38	12	357.0
8	43	653.0
49	3	280.0
0	53	288.0
0	52	341.0
24	28	647.0
50	2	785.0
51	2	203.0
9	44	393.0
50	3	535.0
4	49	440.0
18	35	734.0
15	38	257.0
38	15	257.0
5	49	391.0
40	13	878.0
52	0	341.0
6	46	482.0
9	45	247.0
33	20	450.0
22	30	11.0
47	7	407.0
25	28	654.0
25	29	535.0
11	43	254.0
45	9	247.0
19	34	127.0
33	21	420.0
14	39	427.0
20	32	169.0
32	21	583.0
39	14	427.0
11	42	160.0
3	50	535.0
41	13	216.0
38	14	697.0
8	44	807.0
14	38	697.0
19	35	660.0
46	6	482.0
40	12	901.0
20	33	450.0
31	23	804.0
39	15	575.0
37	17	720.0
18	34	903.0
17	37	720.0
42	11	160.0
15	39	575.0
35	18	734.0
22	31	373.0
41	12	156.0
16	36	438.0
36	17	282.0
23	30	652.0
7	47	407.0
53	0	288.0
1	52	676.0
48	4	394.0
12	40	901.0
29	25	535.0
30	23	652.0
24	29	225.0
48	5	299.0
52	1	676.0
1	53	234.0
2	51	203.0
28	25	654.0
53	1	234.0
10	43	490.0
31	22	373.0
13	41	216.0
7	46	396.0
44	8	807.0
45	8	303.0
23	31	804.0
26	27	910.0
46	7	396.0
2	50	785.0
36	16	438.0
17	36	282.0
43	10	490.0
32	20	169.0
6	47	465.0
34	19	127.0
29	24	225.0
47	6	465.0
49	4	440.0
49	5	391.0
42	10	359.0
12	41	156.0
30	22	11.0
21	33	420.0
28	24	647.0
16	37	860.0
35	19	660.0
13	40	878.0
8	45	303.0
3	51	488.0
51	3	488.0
10	42	359.0
43	11	254.0
21	32	583.0
44	9	393.0
27	26	910.0
34	18	903.0
4	48	394.0
5	48	299.0
37	16	860.0
55	1	793.0
0	54	210.0
54	0	210.0
34	21	372.0
25	31	749.0
32	22	345.0
5	50	799.0
7	48	237.0
46	8	685.0
12	43	329.0
47	8	601.0
22	33	603.0
23	32	881.0
41	14	404.0
48	7	237.0
43	13	183.0
0	55	412.0
51	4	151.0
16	38	233.0
35	20	709.0
33	23	684.0
28	27	251.0
15	40	555.0
53	2	760.0
32	23	881.0
29	27	867.0
55	0	412.0
11	44	395.0
18	36	366.0
31	25	749.0
14	41	404.0
26	28	662.0
44	10	455.0
42	13	91.0
6	48	292.0
16	39	527.0
19	36	426.0
35	21	518.0
17	39	337.0
38	16	233.0
31	24	767.0
42	12	246.0
20	34	781.0
43	12	329.0
9	46	240.0
4	50	609.0
17	38	109.0
10	45	685.0
8	46	685.0
9	47	137.0
45	11	177.0
26	29	181.0
24	30	620.0
30	25	451.0
38	17	109.0
51	5	129.0
52	3	273.0
53	3	251.0
8	47	601.0
1	54	292.0
54	1	292.0
1	55	793.0
44	11	395.0
27	28	251.0
11	45	177.0
7	49	183.0
18	37	285.0
21	34	372.0
2	53	760.0
40	15	555.0
50	4	609.0
52	2	828.0
3	52	273.0
47	9	137.0
5	51	129.0
48	6	292.0
49	6	192.0
30	24	620.0
6	49	192.0
13	42	91.0
20	35	709.0
10	44	455.0
45	10	685.0
40	14	775.0
12	42	246.0
37	18	285.0
41	15	470.0
28	26	662.0
3	53	251.0
21	35	518.0
27	29	867.0
46	9	240.0
13	43	183.0
23	33	684.0
14	40	775.0
39	16	527.0
4	51	151.0
2	52	828.0
50	5	799.0
36	19	426.0
25	30	451.0
22	32	345.0
36	18	366.0
29	26	181.0
37	19	738.0
24	31	767.0
15	41	470.0
39	17	337.0
19	37	738.0
33	22	603.0
34	20	781.0
49	7	183.0
1	57	735.0
0	57	367.0
0	56	553.0
15	43	521.0
38	18	565.0
18	39	437.0
44	12	286.0
27	31	129.0
19	39	672.0
22	35	828.0
24	32	844.0
35	22	828.0
31	26	784.0
34	22	705.0
36	21	177.0
50	7	630.0
45	12	578.0
14	42	638.0
43	14	792.0
25	33	791.0
10	47	310.0
52	5	691.0
34	23	65.0
21	36	177.0
47	10	310.0
14	43	792.0
7	51	433.0
27	30	444.0
41	16	504.0
20	37	222.0
33	25	791.0
8	49	567.0
50	6	661.0
56	0	553.0
4	52	555.0
47	11	199.0
43	15	521.0
31	27	129.0
23	34	65.0
13	44	224.0
15	42	367.0
3	54	297.0
22	34	705.0
42	15	367.0
41	17	309.0
19	38	301.0
38	19	301.0
36	20	266.0
7	50	630.0
48	8	680.0
33	24	650.0
46	10	202.0
12	45	578.0
9	49	547.0
51	7	433.0
3	55	390.0
57	0	367.0
11	47	199.0
18	38	565.0
6	50	661.0
51	6	559.0
25	32	773.0
1	56	932.0
56	1	932.0
54	2	419.0
32	25	773.0
16	40	946.0
32	24	844.0
30	27	444.0
4	53	487.0
24	33	650.0
44	13	224.0
55	2	766.0
9	48	601.0
11	46	310.0
16	41	504.0
39	18	437.0
53	4	487.0
6	51	559.0
35	23	677.0
26	31	784.0
21	37	556.0
29	28	617.0
8	48	680.0
49	9	547.0
55	3	390.0
5	52	691.0
48	9	601.0
13	45	409.0
52	4	555.0
54	3	297.0
57	1	735.0
17	41	309.0
37	20	222.0
45	13	409.0
40	16	946.0
2	55	766.0
2	54	419.0
20	36	266.0
49	8	567.0
37	21	556.0
17	40	849.0
5	53	465.0
53	5	465.0
42	14	638.0
39	19	672.0
26	30	660.0
23	35	677.0
28	29	617.0
30	26	660.0
10	46	202.0
40	17	849.0
12	44	286.0
46	11	310.0
3	57	411.0
0	58	212.0
58	0	212.0
0	59	559.0
55	5	715.0
50	9	271.0
51	9	600.0
45	14	938.0
39	21	444.0
18	40	537.0
19	40	749.0
22	37	156.0
15	45	296.0
17	42	76.0
22	36	324.0
14	45	938.0
49	11	590.0
47	12	218.0
33	27	468.0
37	22	156.0
36	23	484.0
26	33	641.0
15	44	651.0
36	22	324.0
33	26	641.0
5	54	148.0
28	30	346.0
46	12	168.0
43	16	218.0
57	3	411.0
4	55	540.0
48	10	656.0
45	15	296.0
21	38	116.0
29	31	738.0
47	13	103.0
34	25	369.0
37	23	802.0
48	11	654.0
57	2	521.0
44	15	651.0
52	7	380.0
10	48	656.0
51	8	919.0
59	0	559.0
9	50	271.0
25	35	892.0
56	3	525.0
19	41	595.0
25	34	369.0
42	17	76.0
38	20	471.0
1	58	186.0
58	1	186.0
20	38	471.0
23	37	802.0
32	26	868.0
16	42	270.0
53	6	130.0
8	51	919.0
43	17	164.0
20	39	439.0
13	46	171.0
14	44	759.0
35	24	652.0
50	8	668.0
11	48	654.0
38	21	116.0
53	7	181.0
3	56	525.0
54	5	148.0
12	47	218.0
23	36	484.0
35	25	892.0
32	27	100.0
27	33	468.0
24	34	103.0
42	16	270.0
18	41	347.0
13	47	103.0
1	59	706.0
6	52	351.0
40	18	537.0
7	52	380.0
59	1	706.0
49	10	683.0
16	43	218.0
34	24	103.0
26	32	868.0
10	49	683.0
27	32	100.0
4	54	169.0
54	4	169.0
6	53	130.0
24	35	652.0
8	50	668.0
41	18	347.0
17	43	164.0
5	55	715.0
31	29	738.0
41	19	595.0
39	20	439.0
56	2	880.0
2	56	880.0
2	57	521.0
12	46	168.0
29	30	709.0
55	4	540.0
52	6	351.0
44	14	759.0
11	49	590.0
31	28	123.0
7	53	181.0
9	51	600.0
30	29	709.0
30	28	346.0
28	31	123.0
46	13	171.0
40	19	749.0
21	39	444.0
1	60	835.0
0	60	563.0
58	3	262.0
53	9	514.0
43	18	737.0
36	25	490.0
4	56	673.0
41	20	324.0
40	21	643.0
60	0	563.0
0	61	569.0
12	48	736.0
15	47	366.0
11	51	674.0
6	54	343.0
46	15	421.0
37	25	596.0
35	26	621.0
46	14	464.0
53	8	482.0
16	45	151.0
47	15	366.0
48	12	736.0
52	8	319.0
4	57	353.0
57	5	549.0
12	49	737.0
13	49	692.0
29	32	845.0
55	7	491.0
3	58	262.0
59	3	658.0
34	26	103.0
15	46	421.0
37	24	769.0
50	11	261.0
49	13	692.0
54	6	343.0
55	6	508.0
14	46	464.0
33	28	294.0
43	19	486.0
38	22	501.0
32	28	237.0
25	36	490.0
14	47	582.0
45	17	271.0
19	43	486.0
41	21	351.0
44	16	373.0
9	52	150.0
61	0	569.0
16	44	373.0
17	45	271.0
47	14	582.0
56	5	853.0
10	51	352.0
22	38	501.0
13	48	719.0
21	40	643.0
28	33	294.0
48	13	719.0
51	10	352.0
40	20	451.0
23	39	715.0
51	11	674.0
58	2	544.0
3	59	658.0
49	12	737.0
18	43	737.0
39	22	602.0
52	9	150.0
50	10	466.0
22	39	602.0
24	37	769.0
26	34	103.0
56	4	673.0
6	55	508.0
9	53	514.0
42	19	414.0
24	36	447.0
42	18	546.0
8	52	319.0
35	27	747.0
60	1	835.0
1	61	858.0
2	59	54.0
17	44	289.0
19	42	414.0
39	23	715.0
59	2	54.0
54	7	221.0
20	40	451.0
28	32	237.0
29	33	520.0
33	29	520.0
61	1	858.0
5	57	549.0
7	54	221.0
10	50	466.0
45	16	151.0
23	38	343.0
38	23	343.0
57	4	353.0
8	53	482.0
30	31	382.0
18	42	546.0
25	37	596.0
7	55	491.0
34	27	994.0
11	50	261.0
32	29	845.0
20	41	324.0
44	17	289.0
5	56	853.0
2	58	544.0
27	34	994.0
26	35	621.0
21	41	351.0
36	24	447.0
27	35	747.0
31	30	382.0
62	0	502.0
0	62	502.0
0	63	227.0
48	15	445.0
15	49	354.0
33	31	363.0
50	12	304.0
52	10	587.0
52	11	109.0
19	45	145.0
39	24	680.0
27	36	447.0
21	43	386.0
15	48	445.0
19	44	639.0
20	42	477.0
5	58	244.0
42	21	224.0
39	25	810.0
46	17	249.0
22	40	270.0
57	6	550.0
50	13	163.0
54	8	720.0
56	6	636.0
4	59	303.0
30	32	350.0
6	56	636.0
16	47	325.0
59	4	303.0
63	0	227.0
26	37	808.0
43	20	679.0
38	24	308.0
12	51	503.0
46	16	443.0
17	46	249.0
29	35	450.0
35	29	450.0
57	7	473.0
18	44	755.0
55	8	517.0
58	4	291.0
56	7	629.0
1	62	851.0
62	1	851.0
25	39	810.0
9	54	484.0
9	55	123.0
13	51	586.0
22	41	476.0
32	30	350.0
36	27	447.0
33	30	615.0
53	10	709.0
17	47	132.0
13	50	163.0
3	61	485.0
25	38	489.0
49	15	354.0
45	18	789.0
29	34	273.0
34	28	749.0
31	33	363.0
54	9	484.0
11	52	109.0
53	11	548.0
43	21	386.0
12	50	304.0
23	41	644.0
28	35	559.0
14	49	709.0
11	53	548.0
58	5	244.0
1	63	463.0
3	60	475.0
21	42	224.0
60	3	475.0
61	3	485.0
4	58	291.0
30	33	615.0
61	2	1066.0
24	39	680.0
49	14	709.0
8	55	517.0
14	48	635.0
40	22	270.0
32	31	138.0
63	1	463.0
2	61	1066.0
6	57	550.0
42	20	477.0
40	23	808.0
34	29	273.0
27	37	380.0
16	46	443.0
10	52	587.0
20	43	679.0
35	28	559.0
48	14	635.0
47	16	325.0
47	17	132.0
31	32	138.0
38	25	489.0
51	13	586.0
5	59	364.0
7	57	473.0
41	23	644.0
7	56	629.0
51	12	503.0
60	2	1073.0
36	26	463.0
37	26	808.0
44	19	639.0
41	22	476.0
44	18	755.0
45	19	145.0
37	27	380.0
24	38	308.0
18	45	789.0
59	5	364.0
28	34	749.0
26	36	463.0
55	9	123.0
23	40	808.0
10	53	709.0
8	54	720.0
2	60	1073.0
4	60	796.0
0	65	608.0
0	64	277.0
7	58	158.0
51	15	623.0
28	36	200.0
30	34	710.0
54	11	552.0
55	11	99.0
52	13	348.0
18	46	386.0
44	20	724.0
41	24	608.0
46	18	386.0
12	52	503.0
7	59	631.0
8	56	573.0
17	49	652.0
8	57	714.0
50	14	769.0
17	48	701.0
16	48	815.0
64	0	277.0
36	28	200.0
42	23	451.0
26	38	304.0
40	24	783.0
14	51	217.0
40	25	516.0
38	26	304.0
34	31	869.0
49	16	744.0
62	2	934.0
53	12	744.0
49	17	652.0
45	20	680.0
51	14	217.0
50	15	525.0
37	28	379.0
37	29	844.0
33	32	501.0
65	0	608.0
1	64	627.0
27	39	440.0
60	4	796.0
60	5	916.0
12	53	744.0
22	43	756.0
27	38	635.0
38	27	635.0
26	39	673.0
45	21	255.0
11	55	99.0
63	3	127.0
61	5	922.0
25	40	516.0
35	31	641.0
41	25	700.0
6	58	255.0
9	57	251.0
48	16	815.0
29	36	435.0
46	19	535.0
55	10	473.0
15	51	623.0
30	35	840.0
5	60	916.0
24	41	608.0
64	1	627.0
1	65	994.0
44	21	510.0
21	45	255.0
16	49	744.0
58	7	158.0
48	17	701.0
52	12	503.0
13	52	348.0
28	37	379.0
9	56	262.0
65	1	994.0
58	6	255.0
3	63	127.0
4	61	794.0
25	41	700.0
39	26	673.0
20	45	680.0
43	23	497.0
54	10	435.0
14	50	769.0
34	30	710.0
47	18	489.0
2	63	779.0
10	55	473.0
31	35	641.0
59	6	756.0
22	42	553.0
3	62	445.0
2	62	934.0
61	4	794.0
39	27	440.0
19	47	441.0
42	22	553.0
32	33	501.0
10	54	435.0
11	54	552.0
19	46	535.0
43	22	756.0
13	53	679.0
62	3	445.0
6	59	756.0
20	44	724.0
35	30	840.0
21	44	510.0
47	19	441.0
57	8	714.0
56	9	262.0
36	29	435.0
23	42	451.0
23	43	497.0
59	7	631.0
56	8	573.0
24	40	783.0
5	61	922.0
29	37	844.0
57	9	251.0
53	13	679.0
31	34	869.0
15	50	525.0
18	47	489.0
63	2	779.0
4	63	486.0
0	67	394.0
0	66	184.0
66	0	184.0
64	3	218.0
22	45	652.0
14	52	821.0
3	65	598.0
30	37	152.0
61	7	585.0
60	7	571.0
3	64	218.0
40	27	634.0
49	19	555.0
6	61	517.0
11	57	309.0
24	42	418.0
65	3	598.0
44	22	836.0
54	12	532.0
46	21	295.0
7	60	571.0
10	57	212.0
27	40	634.0
34	33	743.0
14	53	769.0
42	25	604.0
26	41	609.0
21	47	225.0
62	4	686.0
67	0	394.0
4	62	686.0
51	17	652.0
41	27	377.0
47	20	424.0
56	11	216.0
28	39	282.0
17	50	163.0
47	21	225.0
37	30	152.0
38	28	384.0
38	29	233.0
54	13	548.0
63	4	486.0
62	5	841.0
20	46	343.0
43	25	739.0
48	18	390.0
64	2	761.0
12	55	346.0
22	44	836.0
33	35	279.0
13	55	173.0
16	51	833.0
44	23	653.0
48	19	653.0
20	47	424.0
11	56	216.0
1	66	422.0
39	28	282.0
35	33	279.0
9	59	685.0
15	52	188.0
18	49	464.0
34	32	945.0
5	62	841.0
28	38	384.0
23	44	653.0
41	26	609.0
29	38	233.0
30	36	335.0
24	43	475.0
13	54	548.0
26	40	832.0
55	13	173.0
60	6	495.0
61	6	517.0
58	8	648.0
16	50	239.0
19	49	555.0
45	22	652.0
63	5	561.0
65	2	857.0
31	36	321.0
52	14	821.0
53	15	293.0
59	8	1079.0
9	58	503.0
10	56	570.0
25	43	739.0
66	1	422.0
1	67	773.0
51	16	833.0
7	61	585.0
21	46	295.0
27	41	377.0
35	32	779.0
33	34	743.0
17	51	652.0
49	18	464.0
40	26	832.0
37	31	364.0
32	35	779.0
23	45	142.0
36	31	321.0
55	12	346.0
67	1	773.0
2	64	761.0
50	16	239.0
42	24	418.0
45	23	142.0
58	9	503.0
25	42	604.0
2	65	857.0
57	10	212.0
36	30	335.0
8	59	1079.0
56	10	570.0
57	11	309.0
50	17	163.0
52	15	188.0
29	39	555.0
39	29	555.0
59	9	685.0
6	60	495.0
8	58	648.0
53	14	769.0
46	20	343.0
31	37	364.0
19	48	653.0
15	53	293.0
18	48	390.0
12	54	532.0
32	34	945.0
43	24	475.0
5	63	561.0
68	0	202.0
0	68	202.0
60	9	388.0
36	32	412.0
37	33	670.0
24	45	125.0
32	37	280.0
39	31	341.0
12	56	419.0
13	56	255.0
67	3	422.0
16	53	693.0
26	42	406.0
53	16	693.0
21	49	442.0
35	34	720.0
30	38	511.0
11	58	561.0
34	35	720.0
51	18	42.0
3	66	85.0
3	67	422.0
8	60	201.0
20	48	290.0
27	42	599.0
8	61	246.0
14	54	429.0
47	22	512.0
28	40	597.0
29	40	918.0
53	17	622.0
44	25	879.0
39	30	613.0
55	15	365.0
59	11	759.0
63	7	199.0
48	20	290.0
20	49	343.0
26	43	440.0
23	46	584.0
38	31	506.0
54	14	429.0
55	14	754.0
25	44	879.0
17	52	221.0
56	12	419.0
15	55	365.0
28	41	169.0
23	47	484.0
13	57	107.0
5	65	875.0
63	6	125.0
10	58	547.0
15	54	432.0
43	27	777.0
9	61	372.0
36	33	318.0
59	10	287.0
64	4	487.0
24	44	630.0
18	50	719.0
50	18	719.0
5	64	625.0
0	69	496.0
7	62	553.0
40	28	597.0
62	6	526.0
58	11	561.0
56	13	255.0
57	13	107.0
37	32	280.0
60	8	201.0
58	10	547.0
67	2	590.0
66	3	85.0
19	51	818.0
32	36	412.0
22	47	512.0
30	39	613.0
45	24	125.0
57	12	106.0
41	29	521.0
69	0	496.0
17	53	622.0
19	50	500.0
41	28	169.0
25	45	441.0
62	7	553.0
10	59	287.0
38	30	511.0
14	55	754.0
43	26	440.0
1	68	587.0
68	1	587.0
64	5	625.0
44	24	630.0
1	69	738.0
69	1	738.0
45	25	441.0
33	36	318.0
21	48	508.0
46	22	471.0
40	29	918.0
9	60	388.0
16	52	213.0
27	43	777.0
42	26	406.0
6	62	526.0
48	21	508.0
49	21	442.0
46	23	584.0
52	16	213.0
51	19	818.0
31	39	341.0
7	63	199.0
66	2	736.0
2	67	590.0
4	65	685.0
65	4	685.0
22	46	471.0
12	57	106.0
4	64	487.0
6	63	125.0
11	59	759.0
52	17	221.0
54	15	432.0
18	51	42.0
61	8	246.0
49	20	343.0
33	37	670.0
42	27	599.0
65	5	875.0
50	19	500.0
31	38	506.0
61	9	372.0
29	41	521.0
47	23	484.0
2	66	736.0
0	71	343.0
0	70	296.0
12	59	456.0
11	61	304.0
22	49	137.0
46	24	547.0
55	17	41.0
19	52	155.0
6	65	720.0
33	39	37.0
35	37	922.0
13	58	609.0
18	52	662.0
15	57	470.0
9	63	294.0
60	10	829.0
13	59	597.0
51	21	579.0
39	32	479.0
26	45	84.0
47	24	449.0
61	11	304.0
42	29	291.0
9	62	237.0
70	0	296.0
71	0	343.0
36	35	507.0
16	54	719.0
50	21	388.0
62	9	237.0
57	14	505.0
4	66	443.0
20	51	175.0
49	23	616.0
65	7	696.0
15	56	482.0
16	55	154.0
58	13	609.0
67	4	415.0
1	70	604.0
54	16	719.0
29	42	291.0
64	6	315.0
43	29	266.0
10	60	829.0
69	2	220.0
3	69	586.0
7	65	696.0
18	53	526.0
53	19	481.0
41	31	258.0
40	31	609.0
33	38	342.0
37	34	861.0
21	51	579.0
53	18	526.0
7	64	326.0
57	15	470.0
40	30	259.0
14	56	866.0
32	38	612.0
23	49	616.0
52	18	662.0
24	47	449.0
25	46	655.0
48	23	716.0
69	3	586.0
37	35	922.0
14	57	505.0
38	32	612.0
4	67	415.0
50	20	665.0
52	19	155.0
42	28	357.0
20	50	665.0
62	8	394.0
66	4	443.0
70	1	604.0
3	68	231.0
12	58	623.0
28	43	549.0
67	5	608.0
54	17	565.0
26	44	596.0
8	63	307.0
48	22	108.0
38	33	342.0
17	55	41.0
23	48	716.0
29	43	266.0
32	39	479.0
44	26	596.0
65	6	720.0
68	3	231.0
45	27	869.0
35	36	507.0
39	33	37.0
25	47	605.0
11	60	324.0
51	20	175.0
30	41	487.0
66	5	513.0
1	71	435.0
68	2	560.0
19	53	481.0
10	61	812.0
60	11	324.0
56	15	482.0
46	25	655.0
34	36	549.0
2	69	220.0
59	12	456.0
63	9	294.0
58	12	623.0
55	16	154.0
31	40	609.0
63	8	307.0
71	1	435.0
2	68	560.0
43	28	549.0
41	30	487.0
6	64	315.0
31	41	258.0
36	34	549.0
45	26	84.0
59	13	597.0
34	37	861.0
47	25	605.0
28	42	357.0
24	46	547.0
8	62	394.0
30	40	259.0
27	44	772.0
27	45	869.0
44	27	772.0
56	14	866.0
17	54	565.0
49	22	137.0
61	10	812.0
64	7	326.0
5	66	513.0
5	67	608.0
22	48	108.0
21	50	388.0
1	72	396.0
0	73	334.0
0	72	250.0
70	2	352.0
20	53	398.0
52	21	125.0
39	35	307.0
63	10	622.0
72	0	250.0
3	70	379.0
4	68	307.0
14	59	28.0
46	27	428.0
63	11	309.0
47	27	541.0
28	44	576.0
16	57	416.0
50	22	748.0
6	66	93.0
6	67	560.0
22	50	748.0
44	29	422.0
27	47	541.0
20	52	551.0
50	23	514.0
29	45	100.0
70	3	379.0
54	18	185.0
45	28	618.0
18	54	185.0
52	20	551.0
43	30	766.0
10	63	622.0
23	50	514.0
15	59	784.0
68	5	477.0
8	64	363.0
61	12	705.0
32	41	393.0
16	56	122.0
13	60	561.0
71	2	244.0
42	31	472.0
59	15	784.0
17	57	223.0
46	26	548.0
36	37	439.0
51	22	362.0
5	69	427.0
49	25	359.0
35	39	307.0
19	55	348.0
24	49	588.0
34	38	404.0
61	13	535.0
73	0	334.0
21	52	125.0
72	1	396.0
1	73	589.0
71	3	442.0
65	8	690.0
55	19	348.0
32	40	534.0
67	6	560.0
53	21	402.0
55	18	654.0
51	23	880.0
39	34	774.0
3	71	442.0
42	30	564.0
64	8	363.0
73	1	589.0
69	5	427.0
7	66	150.0
59	14	28.0
40	33	873.0
62	11	162.0
58	15	382.0
2	70	352.0
2	71	244.0
41	33	128.0
14	58	555.0
35	38	404.0
19	54	640.0
67	7	497.0
22	51	362.0
24	48	686.0
28	45	618.0
10	62	654.0
21	53	402.0
9	65	331.0
68	4	307.0
4	69	281.0
7	67	497.0
11	62	162.0
37	36	439.0
64	9	107.0
49	24	588.0
47	26	443.0
29	44	422.0
12	60	729.0
12	61	705.0
58	14	555.0
60	13	561.0
56	17	173.0
25	49	359.0
34	39	774.0
40	32	534.0
15	58	382.0
44	28	576.0
31	42	472.0
31	43	655.0
17	56	173.0
66	6	93.0
13	61	535.0
30	43	766.0
26	47	443.0
45	29	100.0
11	63	309.0
8	65	690.0
30	42	564.0
25	48	476.0
60	12	729.0
43	31	655.0
56	16	122.0
62	10	654.0
69	4	281.0
5	68	477.0
9	64	107.0
33	41	128.0
23	51	880.0
48	25	476.0
66	7	150.0
57	17	223.0
53	20	398.0
41	32	393.0
65	9	331.0
57	16	416.0
54	19	640.0
38	35	404.0
27	46	428.0
33	40	873.0
18	55	654.0
26	46	548.0
48	24	686.0
38	34	404.0
75	0	409.0
0	74	379.0
74	0	379.0
11	64	106.0
8	66	355.0
62	12	530.0
22	52	526.0
17	58	598.0
11	65	307.0
25	50	747.0
14	61	1059.0
23	52	199.0
5	70	369.0
6	69	705.0
12	63	599.0
48	27	494.0
69	6	705.0
8	67	685.0
65	11	307.0
18	56	786.0
64	10	528.0
50	25	747.0
49	27	573.0
29	46	459.0
61	14	1059.0
22	53	203.0
62	13	357.0
14	60	1067.0
33	42	236.0
36	39	330.0
66	9	300.0
67	9	219.0
24	50	490.0
0	75	409.0
1	74	744.0
56	19	410.0
37	38	634.0
57	18	459.0
44	30	847.0
38	36	205.0
74	1	744.0
72	2	320.0
27	48	494.0
32	42	594.0
34	40	856.0
40	34	856.0
5	71	106.0
7	69	588.0
59	16	897.0
20	55	574.0
21	54	426.0
1	75	753.0
70	5	369.0
10	65	536.0
64	11	106.0
3	73	238.0
43	32	785.0
13	62	357.0
40	35	1096.0
7	68	303.0
55	21	233.0
27	49	573.0
43	33	337.0
35	41	390.0
60	15	346.0
30	45	659.0
16	59	897.0
9	66	300.0
75	1	753.0
72	3	349.0
55	20	574.0
53	23	540.0
52	22	526.0
42	32	594.0
35	40	1096.0
20	54	66.0
69	7	588.0
57	19	555.0
46	28	199.0
10	64	528.0
60	14	1067.0
24	51	843.0
53	22	203.0
13	63	489.0
9	67	219.0
68	6	370.0
68	7	303.0
17	59	702.0
63	12	599.0
36	38	205.0
3	72	349.0
61	15	363.0
54	20	66.0
45	30	659.0
30	44	847.0
65	10	536.0
31	45	741.0
49	26	635.0
42	33	236.0
52	23	199.0
23	53	540.0
34	41	707.0
4	70	172.0
63	13	489.0
44	31	663.0
19	57	555.0
29	47	343.0
47	29	343.0
15	60	346.0
58	16	726.0
31	44	663.0
59	17	702.0
51	25	783.0
46	29	459.0
26	49	635.0
28	46	199.0
67	8	685.0
54	21	426.0
26	48	730.0
19	56	410.0
33	43	337.0
58	17	598.0
56	18	786.0
38	37	634.0
6	68	370.0
2	72	320.0
12	62	530.0
41	34	707.0
15	61	363.0
37	39	661.0
21	55	233.0
66	8	355.0
39	36	330.0
48	26	730.0
47	28	300.0
32	43	785.0
45	31	741.0
71	4	117.0
25	51	783.0
41	35	390.0
51	24	843.0
16	58	726.0
28	47	300.0
50	24	490.0
71	5	106.0
73	2	876.0
18	57	459.0
39	37	661.0
70	4	172.0
4	71	117.0
73	3	238.0
2	73	876.0
0	77	286.0
0	76	344.0
72	5	139.0
34	43	537.0
6	71	512.0
34	42	508.0
26	51	865.0
15	63	42.0
4	73	586.0
69	9	552.0
61	17	397.0
40	37	254.0
9	69	552.0
10	66	593.0
23	54	704.0
74	2	510.0
70	6	505.0
11	67	265.0
28	49	461.0
50	27	756.0
64	12	456.0
60	16	286.0
24	52	163.0
54	22	144.0
49	29	716.0
14	62	924.0
13	64	313.0
66	10	593.0
6	70	505.0
50	26	458.0
4	72	68.0
76	0	344.0
71	7	386.0
54	23	704.0
41	36	211.0
44	32	800.0
37	40	254.0
27	50	756.0
31	47	414.0
58	19	595.0
38	39	372.0
73	4	586.0
41	37	543.0
77	0	286.0
1	76	126.0
76	1	126.0
72	4	68.0
57	20	425.0
55	23	372.0
39	38	372.0
68	8	561.0
55	22	621.0
36	40	589.0
28	48	433.0
43	35	184.0
63	14	780.0
31	46	304.0
48	28	433.0
32	44	800.0
35	42	298.0
30	47	523.0
69	8	982.0
73	5	682.0
7	70	397.0
32	45	835.0
52	25	384.0
66	11	327.0
51	26	865.0
26	50	458.0
40	36	589.0
64	13	313.0
1	77	179.0
74	3	427.0
16	61	247.0
65	12	370.0
53	24	515.0
35	43	184.0
3	74	427.0
14	63	780.0
20	57	425.0
17	60	424.0
51	27	77.0
8	68	561.0
22	55	621.0
36	41	211.0
37	41	543.0
47	30	523.0
15	62	361.0
60	17	424.0
77	1	179.0
8	69	982.0
33	45	569.0
13	65	239.0
21	56	363.0
22	54	144.0
21	57	334.0
7	71	386.0
18	59	263.0
23	55	372.0
46	31	304.0
62	14	924.0
48	29	792.0
47	31	414.0
57	21	334.0
33	44	305.0
25	52	384.0
53	25	270.0
24	53	515.0
75	2	869.0
12	65	370.0
18	58	309.0
67	11	265.0
75	3	347.0
5	72	139.0
63	15	42.0
30	46	483.0
43	34	537.0
10	67	278.0
5	73	682.0
70	7	397.0
65	13	239.0
49	28	461.0
12	64	456.0
61	16	247.0
56	20	713.0
45	33	569.0
62	15	361.0
44	33	305.0
42	34	508.0
29	48	792.0
46	30	483.0
59	18	263.0
19	58	595.0
20	56	713.0
68	9	144.0
67	10	278.0
29	49	716.0
16	60	286.0
27	51	77.0
3	75	347.0
2	75	869.0
2	74	510.0
11	66	327.0
42	35	298.0
71	6	512.0
9	68	144.0
52	24	163.0
25	53	270.0
19	59	954.0
56	21	363.0
17	61	397.0
45	32	835.0
59	19	954.0
58	18	309.0
0	78	382.0
78	0	382.0
2	77	497.0
23	57	597.0
40	39	871.0
63	16	443.0
44	35	38.0
24	54	668.0
61	18	900.0
15	64	164.0
40	38	746.0
16	62	60.0
69	10	119.0
48	30	96.0
64	14	755.0
77	2	497.0
77	3	349.0
31	49	509.0
49	31	509.0
13	66	484.0
23	56	412.0
32	47	537.0
45	35	537.0
30	49	129.0
27	53	636.0
22	57	554.0
6	73	249.0
12	67	143.0
29	51	836.0
57	22	554.0
65	15	576.0
18	61	900.0
43	36	434.0
55	24	344.0
0	79	391.0
79	0	391.0
59	21	704.0
66	12	582.0
5	74	549.0
36	42	230.0
42	36	230.0
35	45	537.0
21	58	419.0
42	37	667.0
44	34	694.0
70	8	769.0
1	78	220.0
78	1	220.0
20	59	383.0
28	51	223.0
56	23	412.0
74	4	353.0
20	58	191.0
38	40	746.0
50	29	286.0
3	77	349.0
4	74	353.0
11	69	622.0
39	41	127.0
65	14	840.0
15	65	576.0
71	9	563.0
25	54	566.0
26	52	167.0
39	40	871.0
64	15	164.0
28	50	532.0
51	29	836.0
41	38	306.0
7	73	326.0
69	11	622.0
55	25	585.0
58	21	419.0
9	70	353.0
73	6	249.0
60	18	900.0
17	63	400.0
8	70	769.0
17	62	223.0
47	32	537.0
43	37	872.0
10	69	119.0
72	7	299.0
1	79	700.0
74	5	549.0
30	48	96.0
38	41	306.0
16	63	443.0
70	9	353.0
36	43	434.0
37	42	667.0
18	60	900.0
25	55	585.0
33	47	202.0
14	64	755.0
75	4	607.0
14	65	840.0
48	31	453.0
6	72	425.0
52	27	745.0
34	44	694.0
50	28	532.0
53	27	636.0
19	61	155.0
45	34	184.0
37	43	872.0
61	19	155.0
3	76	336.0
79	1	700.0
68	10	323.0
52	26	167.0
58	20	191.0
76	2	736.0
56	22	761.0
41	39	127.0
47	33	202.0
67	13	38.0
19	60	133.0
73	7	326.0
13	67	38.0
21	59	704.0
53	26	565.0
46	32	434.0
10	68	323.0
12	66	582.0
71	8	873.0
4	75	607.0
2	76	736.0
68	11	219.0
67	12	143.0
33	46	142.0
7	72	299.0
59	20	383.0
57	23	597.0
54	24	668.0
8	71	873.0
75	5	754.0
72	6	425.0
22	56	761.0
51	28	223.0
49	30	129.0
62	16	60.0
63	17	400.0
54	25	566.0
46	33	142.0
26	53	565.0
35	44	38.0
27	52	745.0
60	19	133.0
31	48	453.0
34	45	184.0
9	71	563.0
11	68	219.0
76	3	336.0
62	17	223.0
32	46	434.0
24	55	344.0
66	13	484.0
29	50	286.0
5	75	754.0
0	81	237.0
1	80	299.0
0	80	387.0
79	3	311.0
14	66	738.0
72	8	780.0
73	9	281.0
27	55	712.0
42	38	118.0
41	40	746.0
11	71	637.0
37	45	802.0
80	0	387.0
13	68	207.0
23	58	659.0
15	67	461.0
76	4	488.0
77	4	285.0
64	17	203.0
58	23	659.0
37	44	934.0
43	38	272.0
66	14	738.0
60	21	364.0
25	57	708.0
33	49	710.0
63	19	244.0
74	6	565.0
12	69	283.0
65	16	241.0
67	14	574.0
76	5	420.0
18	62	797.0
34	47	544.0
39	43	373.0
44	36	512.0
52	29	181.0
62	19	237.0
59	23	1010.0
44	37	934.0
39	42	269.0
8	72	780.0
56	25	684.0
22	59	587.0
40	41	746.0
31	51	116.0
47	34	544.0
5	77	177.0
78	2	824.0
4	76	488.0
29	52	181.0
20	61	785.0
53	29	660.0
69	13	435.0
31	50	636.0
60	20	781.0
77	5	177.0
75	6	428.0
35	47	322.0
48	33	708.0
9	73	281.0
45	36	424.0
51	31	116.0
45	37	802.0
33	48	708.0
16	65	241.0
3	79	311.0
75	7	455.0
46	35	367.0
35	46	367.0
58	22	19.0
57	25	708.0
26	54	700.0
18	63	571.0
52	28	496.0
61	21	362.0
38	42	118.0
61	20	785.0
15	66	79.0
67	15	461.0
6	74	565.0
22	58	19.0
28	52	496.0
20	60	781.0
47	35	322.0
70	10	134.0
34	46	646.0
32	49	479.0
26	55	320.0
30	50	758.0
70	11	426.0
2	79	894.0
81	0	237.0
78	3	347.0
53	28	495.0
9	72	479.0
54	26	700.0
46	34	646.0
63	18	571.0
49	32	479.0
55	27	712.0
50	30	758.0
68	12	284.0
79	2	894.0
11	70	426.0
71	11	637.0
17	65	225.0
66	15	79.0
4	77	285.0
24	56	394.0
27	54	295.0
42	39	269.0
19	63	244.0
29	53	660.0
36	45	424.0
21	60	364.0
80	1	299.0
3	78	347.0
25	56	684.0
14	67	574.0
43	39	373.0
6	75	428.0
21	61	362.0
36	44	512.0
16	64	253.0
65	17	225.0
48	32	396.0
19	62	237.0
51	30	368.0
72	9	479.0
1	81	600.0
81	1	600.0
56	24	394.0
38	43	272.0
8	73	206.0
23	59	1010.0
32	48	396.0
2	78	824.0
7	74	486.0
71	10	350.0
50	31	636.0
10	70	134.0
54	27	295.0
64	16	253.0
49	33	710.0
10	71	350.0
5	76	420.0
57	24	563.0
30	51	368.0
74	7	486.0
7	75	455.0
73	8	206.0
62	18	797.0
13	69	435.0
17	64	203.0
59	22	587.0
69	12	283.0
68	13	207.0
55	26	320.0
28	53	495.0
24	57	563.0
12	68	284.0
0	82	563.0
82	0	563.0
6	76	237.0
21	63	178.0
51	33	479.0
75	8	348.0
67	16	354.0
39	44	335.0
50	32	767.0
49	35	912.0
79	5	744.0
31	52	618.0
8	74	734.0
64	19	209.0
29	54	709.0
30	52	534.0
68	15	294.0
22	60	716.0
53	30	199.0
15	68	294.0
7	76	241.0
10	73	680.0
37	46	555.0
62	20	699.0
42	41	233.0
50	33	312.0
20	63	440.0
10	72	338.0
38	45	243.0
74	8	734.0
74	9	270.0
18	64	595.0
54	28	215.0
34	48	771.0
7	77	248.0
79	4	618.0
5	79	744.0
68	14	552.0
54	29	709.0
15	69	697.0
19	65	525.0
40	42	813.0
26	56	353.0
66	16	470.0
16	66	470.0
73	10	680.0
17	67	166.0
81	2	711.0
78	4	563.0
43	41	399.0
8	75	348.0
14	69	198.0
41	43	399.0
25	58	469.0
52	31	618.0
71	13	562.0
73	11	263.0
12	70	218.0
57	27	489.0
44	39	335.0
65	19	525.0
46	37	555.0
33	51	479.0
